23,11,10,11,2901
20,12,9,5,2902
16,7,6,3,2903
1,18,4,2,2904
12,4,2,9,2905
18,6,6,4,2906
8,21,9,5,2907
10,8,6,3,2908
18,13,10,6,2909
18,17,9,10,2910
18,24,5,6,2911
18,16,5,4,2912
9,8,7,9,2913
16,24,9,4,2914
16,12,6,7,2915
23,7,5,8,2916
5,15,4,3,2917
19,1,9,3,2918
11,18,6,2,2919
23,20,6,4,2920
12,10,8,7,2921
21,17,6,2,2922
23,1,4,8,2923
19,11,8,11,2924
2,23,2,3,2925
19,4,2,11,2926
16,15,7,9,2927
24,22,3,9,2928
22,17,6,5,2929
6,2,10,8,2930
5,24,9,5,2931
10,13,3,6,2932
13,23,6,8,2933
8,22,5,6,2934
24,19,3,4,2935
11,3,8,8,2936
15,23,4,5,2937
7,12,9,10,2938
14,4,8,7,2939
3,23,4,7,2940
12,6,4,10,2941
8,19,3,9,2942
24,9,7,4,2943
7,14,6,7,2944
5,1,10,5,2945
1,18,9,5,2946
1,24,4,11,2947
24,23,9,4,2948
13,21,4,9,2949
2,14,8,6,2950
2,12,2,4,2851
10,8,5,3,2852
7,1,2,5,2853
18,2,8,11,2854
23,10,9,6,2855
4,23,7,11,2856
22,20,2,10,2857
3,11,2,3,2858
23,24,6,8,2859
9,2,10,7,2860
