16,23,5,10,2751
22,13,10,2,2752
15,22,2,10,2753
24,23,3,10,2754
20,16,3,6,2755
17,16,6,3,2756
3,22,5,7,2757
18,14,10,6,2758
7,14,6,5,2759
3,11,3,5,2760
3,13,7,7,2761
4,15,5,3,2762
5,3,9,4,2763
21,5,8,5,2764
1,23,5,5,2765
2,17,9,8,2766
7,3,6,10,2767
18,17,6,6,2768
18,19,3,8,2769
10,24,10,5,2770
12,11,2,11,2771
7,23,2,11,2772
5,2,8,9,2773
16,17,7,7,2774
4,14,6,7,2775
24,2,5,7,2776
20,8,6,8,2777
6,19,8,7,2778
11,18,10,8,2779
18,17,3,7,2780
2,20,5,8,2781
3,9,7,4,2782
18,20,2,7,2783
24,19,8,3,2784
12,23,5,11,2785
23,24,7,2,2786
8,21,8,11,2787
19,14,7,8,2788
7,9,2,3,2789
17,11,6,4,2790
16,13,6,4,2791
10,22,3,8,2792
15,10,2,5,2793
11,1,4,4,2794
9,20,5,3,2795
6,1,10,2,2796
19,22,6,11,2797
23,7,2,11,2798
7,2,4,4,2799
4,11,8,11,2800
4,20,3,10,2701
21,5,7,6,2702
16,10,4,7,2703
20,23,2,3,2704
5,17,4,9,2705
3,2,6,5,2706
10,8,2,2,2707
23,19,7,4,2708
22,1,10,10,2709
1,12,6,7,2710
