2,9,6,2,1251
10,19,4,8,1252
12,20,7,3,1253
2,4,10,2,1254
21,17,7,3,1255
15,7,2,2,1256
24,22,10,8,1257
24,22,7,5,1258
13,9,2,7,1259
3,13,4,10,1260
6,3,3,8,1261
23,19,6,4,1262
14,10,9,5,1263
16,17,8,2,1264
19,9,8,3,1265
16,19,3,10,1266
4,18,9,5,1267
3,12,6,5,1268
16,7,10,9,1269
8,11,2,2,1270
23,15,8,9,1271
2,12,9,9,1272
17,15,8,3,1273
20,17,9,2,1274
22,10,3,4,1275
12,10,2,10,1276
1,17,9,5,1277
8,19,8,11,1278
5,17,2,2,1279
7,2,6,10,1280
18,16,5,11,1281
24,5,3,3,1282
17,1,5,5,1283
6,9,8,8,1284
24,6,9,10,1285
8,17,4,4,1286
2,11,6,4,1287
11,8,3,7,1288
7,11,7,11,1289
12,23,7,2,1290
18,23,2,3,1291
20,8,4,10,1292
6,11,6,11,1293
15,6,8,2,1294
22,17,3,9,1295
19,7,3,5,1296
17,13,6,9,1297
4,23,6,9,1298
5,2,5,4,1299
23,21,3,7,1300
21,4,7,3,1201
1,11,9,9,1202
20,4,4,7,1203
11,13,6,9,1204
18,24,2,2,1205
4,23,7,10,1206
15,4,3,4,1207
21,20,8,3,1208
7,9,6,3,1209
24,5,10,2,1210
