9,12,2,2,4851
9,4,8,9,4852
6,18,10,6,4853
20,4,8,3,4854
16,2,9,3,4855
2,13,8,10,4856
6,16,4,2,4857
1,3,6,6,4858
13,8,5,11,4859
9,20,4,2,4860
3,7,5,10,4861
1,2,10,6,4862
2,18,7,6,4863
13,21,9,11,4864
14,9,10,10,4865
9,19,5,6,4866
3,7,9,6,4867
7,6,10,11,4868
17,4,3,5,4869
24,17,9,3,4870
19,4,10,5,4871
11,9,5,10,4872
19,17,6,7,4873
13,15,4,8,4874
3,18,5,3,4875
1,10,3,2,4876
15,5,5,2,4877
14,9,9,3,4878
21,4,2,3,4879
3,20,8,2,4880
4,18,7,2,4881
19,4,9,9,4882
15,22,10,7,4883
3,10,7,4,4884
21,24,7,10,4885
6,1,7,6,4886
15,9,6,4,4887
13,6,5,10,4888
12,22,2,3,4889
14,4,10,8,4890
7,9,9,2,4891
20,7,8,5,4892
10,11,6,11,4893
21,11,8,9,4894
3,22,9,9,4895
23,6,9,3,4896
18,12,2,6,4897
17,2,8,4,4898
19,9,8,5,4899
21,18,9,3,4900
10,19,2,5,4801
20,15,10,5,4802
1,15,8,6,4803
14,5,10,11,4804
20,6,3,9,4805
16,15,2,2,4806
3,22,4,6,4807
9,1,3,4,4808
2,8,10,11,4809
3,24,8,5,4810
