6,21,2,6,3101
11,5,5,10,3102
19,3,5,8,3103
6,1,3,11,3104
15,20,7,2,3105
14,15,5,11,3106
11,10,8,4,3107
10,22,10,5,3108
6,14,8,8,3109
3,4,10,11,3110
9,21,9,8,3111
1,4,5,10,3112
8,15,4,3,3113
10,12,2,8,3114
7,21,8,5,3115
5,9,5,2,3116
14,9,7,9,3117
11,24,9,8,3118
7,3,7,4,3119
10,2,8,7,3120
20,24,5,7,3121
13,19,9,3,3122
13,18,7,10,3123
24,22,3,5,3124
6,19,6,4,3125
13,6,2,3,3126
23,8,3,10,3127
18,21,6,9,3128
14,23,6,4,3129
23,5,5,6,3130
13,14,2,10,3131
23,10,7,2,3132
12,11,8,5,3133
10,2,2,9,3134
9,11,6,4,3135
21,22,4,9,3136
20,3,8,9,3137
18,14,10,9,3138
13,7,5,2,3139
5,15,10,3,3140
16,15,10,3,3141
17,8,3,4,3142
11,19,5,9,3143
15,4,6,5,3144
16,18,10,7,3145
5,2,7,3,3146
7,1,7,2,3147
16,12,8,9,3148
3,21,6,10,3149
12,21,4,4,3150
3,14,9,5,3051
17,10,9,8,3052
14,3,2,8,3053
4,23,3,4,3054
3,12,10,3,3055
9,14,5,4,3056
14,3,9,10,3057
16,18,9,9,3058
23,11,3,3,3059
8,21,5,11,3060
