4,12,7,2,1101
4,5,6,10,1102
6,24,8,4,1103
20,5,6,10,1104
23,3,10,9,1105
21,7,7,4,1106
20,10,8,3,1107
9,7,2,7,1108
22,12,5,9,1109
8,17,2,9,1110
6,21,6,3,1111
17,4,2,4,1112
14,4,5,8,1113
24,19,6,4,1114
17,4,4,9,1115
11,21,4,7,1116
14,10,8,5,1117
20,17,5,4,1118
23,2,10,7,1119
9,16,7,2,1120
15,9,7,8,1121
2,7,8,8,1122
11,9,10,5,1123
19,15,10,11,1124
8,14,5,6,1125
4,11,3,4,1126
12,9,4,2,1127
15,9,3,2,1128
17,20,7,9,1129
1,13,4,6,1130
14,9,4,9,1131
12,21,4,8,1132
23,15,5,9,1133
6,14,7,11,1134
8,7,5,5,1135
24,6,9,9,1136
18,10,4,9,1137
9,10,9,6,1138
11,12,7,9,1139
24,4,4,5,1140
2,12,9,10,1141
13,9,9,6,1142
18,12,7,11,1143
7,3,8,9,1144
1,15,9,2,1145
12,4,10,4,1146
8,4,7,2,1147
2,23,9,6,1148
8,9,6,6,1149
10,22,4,8,1150
23,19,5,10,1051
21,16,4,6,1052
8,7,10,5,1053
5,10,10,3,1054
21,19,10,3,1055
20,15,6,7,1056
17,8,7,9,1057
9,14,7,11,1058
14,19,7,9,1059
20,13,10,11,1060
