15,23,2,10,2951
14,8,3,5,2952
14,13,8,8,2953
2,12,9,9,2954
18,19,8,5,2955
9,8,3,2,2956
13,21,5,3,2957
16,24,2,2,2958
10,5,2,3,2959
21,24,4,9,2960
5,9,10,4,2961
22,8,2,9,2962
4,7,2,5,2963
9,23,4,8,2964
12,4,6,9,2965
24,7,4,5,2966
16,14,8,11,2967
20,24,3,6,2968
11,6,8,3,2969
5,12,4,9,2970
13,22,7,7,2971
10,18,9,9,2972
3,9,3,9,2973
4,22,10,10,2974
18,12,2,11,2975
6,22,4,5,2976
11,2,3,3,2977
16,10,4,7,2978
23,18,8,9,2979
5,14,6,5,2980
11,5,8,3,2981
16,11,10,10,2982
22,19,5,3,2983
13,21,2,8,2984
14,15,6,7,2985
4,11,9,11,2986
18,12,6,11,2987
4,20,6,4,2988
14,12,9,11,2989
11,12,3,8,2990
8,5,6,9,2991
13,12,2,11,2992
22,24,9,10,2993
22,21,3,3,2994
11,4,3,8,2995
20,10,10,3,2996
7,24,5,2,2997
21,18,10,6,2998
4,8,8,2,2999
6,3,5,10,3000
3,14,8,9,2901
20,18,8,6,2902
16,8,10,2,2903
7,13,2,4,2904
2,4,2,4,2905
6,4,6,5,2906
16,7,6,10,2907
9,7,2,8,2908
20,8,10,3,2909
22,9,2,4,2910
