10,13,2,5,2851
4,6,3,10,2852
13,14,2,5,2853
8,21,5,8,2854
4,15,2,7,2855
13,20,10,2,2856
13,14,10,4,2857
11,5,7,2,2858
22,24,5,9,2859
3,11,9,7,2860
18,4,2,6,2861
23,19,10,11,2862
20,22,3,7,2863
1,12,9,6,2864
5,16,4,7,2865
5,10,4,5,2866
16,4,6,3,2867
17,14,9,3,2868
7,2,7,3,2869
16,11,3,5,2870
5,8,6,5,2871
15,1,8,5,2872
2,24,2,7,2873
23,4,5,11,2874
15,20,3,8,2875
1,8,2,2,2876
8,21,6,11,2877
23,3,8,9,2878
4,23,9,5,2879
11,13,5,9,2880
21,24,8,3,2881
23,2,4,6,2882
24,16,4,4,2883
23,20,6,11,2884
5,1,4,7,2885
4,23,3,11,2886
11,9,2,3,2887
5,19,4,6,2888
2,12,7,10,2889
21,3,3,5,2890
4,12,6,2,2891
24,5,10,4,2892
22,7,3,10,2893
7,23,4,8,2894
22,1,9,5,2895
10,3,4,8,2896
9,13,7,3,2897
20,14,9,5,2898
24,20,2,9,2899
7,18,9,11,2900
5,24,4,4,2801
6,7,8,9,2802
1,10,4,10,2803
15,20,2,5,2804
13,20,10,2,2805
7,5,9,6,2806
21,20,8,3,2807
5,8,10,2,2808
15,4,2,9,2809
6,19,3,2,2810
