5,11,7,9,4001
12,20,9,6,4002
14,15,5,6,4003
20,2,6,8,4004
11,17,3,11,4005
20,2,8,8,4006
16,9,10,3,4007
14,3,6,7,4008
23,10,4,8,4009
13,1,4,9,4010
2,19,6,8,4011
1,21,2,8,4012
1,18,8,8,4013
8,13,7,9,4014
6,24,6,2,4015
1,24,7,9,4016
23,4,9,8,4017
2,22,3,9,4018
8,20,6,6,4019
13,1,9,9,4020
7,3,5,5,4021
18,8,3,2,4022
23,1,10,11,4023
16,21,6,9,4024
21,14,8,2,4025
15,20,7,3,4026
16,18,6,4,4027
18,24,3,6,4028
3,16,8,4,4029
3,17,4,9,4030
7,16,6,6,4031
21,15,5,9,4032
3,21,8,9,4033
12,15,2,3,4034
13,2,7,11,4035
23,9,6,6,4036
19,12,10,10,4037
22,2,2,5,4038
6,9,7,4,4039
19,4,4,11,4040
24,18,9,5,4041
7,14,10,8,4042
10,7,2,9,4043
22,10,6,10,4044
22,24,5,11,4045
17,2,3,10,4046
17,22,10,3,4047
18,7,9,9,4048
21,16,10,2,4049
15,9,9,4,4050
12,5,4,5,3951
10,12,10,7,3952
7,20,2,10,3953
24,14,3,6,3954
11,15,8,3,3955
11,6,8,7,3956
16,1,3,2,3957
3,7,10,2,3958
8,13,4,9,3959
16,4,8,3,3960
