3,9,3,3,4801
21,17,5,11,4802
14,3,4,7,4803
19,17,10,7,4804
14,3,10,11,4805
8,7,8,5,4806
23,15,8,10,4807
12,19,2,11,4808
23,2,2,11,4809
18,6,7,7,4810
2,22,8,8,4811
10,11,8,11,4812
22,8,10,9,4813
2,4,7,11,4814
5,10,9,7,4815
5,11,3,11,4816
12,1,6,3,4817
10,21,8,4,4818
13,5,2,7,4819
19,3,10,10,4820
22,8,4,11,4821
15,9,7,8,4822
12,14,8,6,4823
18,8,3,10,4824
11,6,3,9,4825
9,3,10,10,4826
14,19,6,5,4827
23,14,7,4,4828
10,21,8,7,4829
18,17,7,6,4830
2,10,4,9,4831
14,21,8,3,4832
2,13,3,7,4833
13,15,9,9,4834
16,1,9,7,4835
12,20,2,10,4836
11,5,4,3,4837
5,7,7,4,4838
1,23,6,11,4839
14,7,7,2,4840
20,4,5,2,4841
3,10,3,5,4842
7,20,3,9,4843
19,3,8,9,4844
22,18,3,8,4845
18,11,4,11,4846
15,21,7,7,4847
19,8,9,8,4848
12,5,8,3,4849
4,22,7,6,4850
2,24,4,6,4751
16,15,5,2,4752
23,11,9,10,4753
5,1,7,4,4754
10,1,5,10,4755
9,2,5,11,4756
17,24,9,11,4757
24,19,8,7,4758
13,20,10,7,4759
24,7,6,3,4760
