11,7,2,10,4101
4,13,8,6,4102
17,11,2,8,4103
17,15,10,5,4104
9,22,3,5,4105
6,7,8,9,4106
18,23,10,9,4107
15,6,6,9,4108
9,15,8,6,4109
1,21,6,9,4110
21,17,6,3,4111
24,4,7,10,4112
11,16,3,3,4113
24,8,8,8,4114
5,17,9,5,4115
22,4,7,7,4116
17,8,3,5,4117
22,16,8,9,4118
16,17,4,7,4119
23,12,7,9,4120
8,15,10,7,4121
7,16,9,4,4122
1,12,9,9,4123
21,23,3,6,4124
9,17,3,6,4125
6,8,5,6,4126
11,4,6,3,4127
23,14,4,4,4128
12,1,2,4,4129
15,3,7,9,4130
15,7,2,11,4131
8,16,9,8,4132
13,1,7,11,4133
13,1,5,9,4134
15,14,6,7,4135
3,14,7,3,4136
1,21,7,4,4137
18,24,2,3,4138
22,5,7,11,4139
13,12,5,3,4140
15,6,5,4,4141
19,6,5,6,4142
9,22,5,6,4143
10,7,8,2,4144
5,4,4,4,4145
11,16,3,5,4146
23,1,4,8,4147
24,3,7,2,4148
23,3,5,6,4149
19,23,2,4,4150
19,18,7,4,4051
19,21,6,5,4052
5,3,5,5,4053
7,8,10,5,4054
13,6,8,2,4055
16,8,8,10,4056
17,4,6,4,4057
12,7,10,7,4058
11,2,8,4,4059
21,4,5,9,4060
