20,5,6,7,2301
8,23,2,9,2302
18,13,4,3,2303
2,22,8,7,2304
8,2,3,3,2305
7,1,6,9,2306
23,8,7,11,2307
19,20,5,7,2308
18,17,3,9,2309
12,16,7,7,2310
13,23,9,11,2311
6,9,7,2,2312
18,8,2,3,2313
7,12,7,11,2314
14,18,8,4,2315
15,3,5,6,2316
23,17,4,3,2317
20,9,5,7,2318
7,20,8,6,2319
23,24,9,6,2320
24,2,3,2,2321
16,9,4,8,2322
3,16,8,11,2323
6,10,4,7,2324
14,2,9,5,2325
10,13,7,3,2326
4,15,10,7,2327
19,5,10,5,2328
24,9,3,4,2329
1,23,8,4,2330
22,14,8,7,2331
8,20,7,9,2332
14,8,7,3,2333
9,12,9,8,2334
6,4,8,7,2335
10,23,2,9,2336
13,21,3,3,2337
13,8,6,4,2338
5,7,10,9,2339
17,12,8,8,2340
23,21,9,11,2341
12,10,3,7,2342
1,16,10,2,2343
10,9,8,3,2344
11,13,10,2,2345
2,9,10,2,2346
7,16,6,10,2347
24,16,10,11,2348
23,17,5,8,2349
8,21,3,10,2350
3,12,9,3,2251
8,11,2,3,2252
13,17,2,5,2253
19,6,4,3,2254
5,21,2,2,2255
22,6,6,9,2256
7,11,9,8,2257
14,1,5,3,2258
14,10,6,9,2259
3,22,3,6,2260
