14,10,6,11,3601
18,23,7,3,3602
22,14,8,8,3603
6,12,5,4,3604
21,12,3,7,3605
13,9,10,5,3606
19,17,2,11,3607
21,24,4,11,3608
2,13,7,7,3609
6,21,2,8,3610
24,6,3,7,3611
17,11,5,9,3612
22,24,4,8,3613
24,16,5,10,3614
1,11,6,2,3615
13,7,9,8,3616
16,11,4,4,3617
1,11,8,8,3618
12,23,6,11,3619
13,15,4,8,3620
23,1,7,11,3621
2,7,5,8,3622
10,14,3,5,3623
3,22,10,7,3624
14,18,7,9,3625
16,20,6,11,3626
16,3,5,2,3627
6,18,7,9,3628
4,20,8,5,3629
14,17,4,8,3630
20,15,2,7,3631
18,5,7,6,3632
19,3,2,6,3633
8,6,5,10,3634
22,5,5,6,3635
14,20,10,4,3636
15,1,8,7,3637
24,7,8,6,3638
11,18,10,3,3639
16,17,10,11,3640
4,7,5,8,3641
4,13,3,8,3642
8,22,2,3,3643
9,5,7,10,3644
4,24,4,4,3645
9,21,7,9,3646
10,15,5,4,3647
8,14,2,2,3648
5,14,9,11,3649
6,7,10,8,3650
15,6,10,10,3551
22,3,4,10,3552
12,1,6,5,3553
7,15,7,7,3554
23,4,8,7,3555
10,1,9,10,3556
8,18,9,11,3557
11,19,8,7,3558
1,22,4,5,3559
8,11,4,5,3560
