12,21,8,2,801
19,14,9,8,802
7,24,3,6,803
1,3,8,9,804
17,15,3,4,805
5,2,7,11,806
10,7,5,8,807
7,16,6,8,808
21,15,10,10,809
20,16,10,6,810
7,16,9,3,811
6,10,7,6,812
8,13,6,5,813
5,16,8,6,814
11,20,10,9,815
1,20,9,7,816
10,21,4,3,817
16,19,10,9,818
12,8,5,6,819
11,4,2,7,820
19,2,6,4,821
9,19,2,9,822
4,7,6,8,823
8,19,5,3,824
2,21,9,9,825
20,18,7,2,826
16,4,5,9,827
18,23,5,2,828
1,10,2,2,829
2,9,2,4,830
11,18,2,2,831
17,8,9,9,832
19,22,4,2,833
20,8,2,2,834
10,16,8,9,835
5,7,2,10,836
6,3,9,3,837
24,20,6,7,838
13,7,6,3,839
13,11,6,7,840
9,15,7,11,841
21,12,8,10,842
14,22,4,8,843
10,22,9,8,844
2,9,9,2,845
12,16,2,8,846
11,17,6,6,847
23,9,4,11,848
11,6,9,2,849
2,23,2,3,850
2,21,6,2,751
20,12,5,3,752
8,13,6,11,753
23,7,5,8,754
7,1,7,11,755
17,13,4,10,756
22,16,2,10,757
11,24,8,9,758
23,8,4,6,759
11,12,7,8,760
