11,12,4,2,2101
19,6,2,6,2102
11,2,7,10,2103
3,11,5,2,2104
15,7,5,3,2105
14,22,6,4,2106
11,15,2,8,2107
21,15,7,3,2108
20,5,10,7,2109
7,16,4,8,2110
7,4,5,5,2111
18,9,7,8,2112
21,23,10,4,2113
8,16,9,8,2114
14,20,8,7,2115
22,24,4,6,2116
5,4,5,2,2117
1,14,9,9,2118
23,13,3,5,2119
14,2,7,7,2120
5,23,2,2,2121
12,5,4,3,2122
2,7,9,7,2123
16,10,3,11,2124
12,20,10,6,2125
10,21,9,5,2126
13,2,10,5,2127
3,6,4,2,2128
23,12,6,10,2129
24,18,6,6,2130
23,24,9,4,2131
5,2,10,10,2132
16,15,2,9,2133
14,6,5,4,2134
6,22,9,5,2135
9,19,7,6,2136
3,21,8,6,2137
23,1,4,3,2138
6,20,9,7,2139
24,10,6,4,2140
18,22,3,2,2141
24,13,8,7,2142
24,15,3,2,2143
1,3,4,11,2144
20,13,8,9,2145
20,13,9,7,2146
22,19,7,6,2147
6,17,9,4,2148
3,15,5,8,2149
19,24,3,7,2150
15,10,4,6,2051
21,2,9,7,2052
1,8,5,6,2053
12,4,4,6,2054
23,8,4,5,2055
19,20,7,8,2056
5,13,9,9,2057
3,16,3,10,2058
5,1,5,8,2059
7,21,4,11,2060
