13,3,5,2,2701
3,20,9,3,2702
14,21,10,11,2703
14,12,2,11,2704
17,19,9,7,2705
14,21,2,8,2706
4,6,6,2,2707
2,22,8,6,2708
10,19,6,6,2709
3,2,5,11,2710
18,17,5,10,2711
1,10,6,9,2712
20,19,3,9,2713
20,23,8,4,2714
20,5,7,4,2715
3,5,8,9,2716
17,24,7,7,2717
18,14,7,11,2718
21,22,6,7,2719
22,11,4,2,2720
2,1,6,8,2721
10,13,10,8,2722
7,3,3,4,2723
24,15,10,5,2724
7,19,3,2,2725
21,19,9,9,2726
15,20,10,5,2727
21,19,10,2,2728
8,4,2,10,2729
24,20,7,5,2730
4,1,8,10,2731
24,7,6,5,2732
17,3,8,6,2733
16,9,9,10,2734
23,20,2,3,2735
22,2,10,10,2736
8,24,4,6,2737
9,17,5,2,2738
17,6,10,3,2739
17,22,6,4,2740
2,17,3,9,2741
6,15,4,4,2742
6,22,3,6,2743
5,4,6,11,2744
2,4,7,2,2745
2,22,3,4,2746
18,23,2,2,2747
6,23,3,2,2748
20,9,10,8,2749
9,14,9,8,2750
19,12,4,2,2651
14,19,4,10,2652
4,1,4,9,2653
12,17,10,7,2654
14,22,2,7,2655
8,9,2,8,2656
4,2,4,3,2657
19,20,10,8,2658
6,9,3,10,2659
22,19,7,7,2660
