20,12,4,3,651
17,7,7,6,652
19,14,2,4,653
18,2,4,8,654
23,4,8,4,655
24,23,7,5,656
4,14,8,5,657
9,11,4,2,658
4,9,6,3,659
7,24,2,3,660
23,16,10,10,661
16,11,4,7,662
8,12,10,9,663
19,14,9,9,664
17,7,3,4,665
9,2,10,7,666
16,20,2,4,667
24,1,10,8,668
2,12,4,8,669
17,9,6,2,670
13,6,5,9,671
16,12,10,6,672
21,7,5,5,673
10,21,3,5,674
3,15,10,5,675
24,3,2,5,676
10,5,5,8,677
17,19,7,8,678
8,2,4,10,679
20,16,10,2,680
1,16,5,7,681
4,23,3,9,682
3,9,5,6,683
20,18,3,2,684
14,19,6,9,685
4,16,4,2,686
5,15,5,5,687
21,8,5,6,688
10,24,9,6,689
9,19,3,8,690
16,6,10,5,691
6,22,7,9,692
7,22,8,4,693
2,6,3,3,694
3,19,10,3,695
11,22,4,9,696
20,8,7,4,697
1,14,8,7,698
12,6,4,9,699
7,20,2,9,700
23,17,8,6,601
7,15,10,10,602
1,16,5,9,603
12,21,5,2,604
17,10,7,11,605
10,5,8,2,606
1,5,6,11,607
23,9,10,3,608
7,13,7,9,609
14,3,9,8,610
