8,10,8,5,4751
12,18,8,8,4752
19,10,10,3,4753
16,11,10,11,4754
22,20,6,2,4755
17,13,2,11,4756
3,1,2,7,4757
16,20,5,4,4758
11,8,6,2,4759
18,4,8,4,4760
5,9,5,9,4761
20,16,3,9,4762
1,2,4,10,4763
2,18,4,9,4764
4,18,10,11,4765
7,16,2,8,4766
9,18,6,10,4767
12,19,5,6,4768
19,18,6,10,4769
12,10,10,4,4770
17,12,8,8,4771
22,4,5,3,4772
15,18,7,3,4773
24,18,9,7,4774
11,9,2,7,4775
13,17,2,10,4776
15,11,6,2,4777
22,21,9,8,4778
15,2,5,4,4779
10,3,5,6,4780
22,19,3,4,4781
20,12,8,2,4782
22,21,9,2,4783
10,3,9,4,4784
12,17,10,3,4785
8,13,10,7,4786
7,5,10,10,4787
15,18,2,9,4788
1,16,8,6,4789
11,14,7,6,4790
8,23,9,10,4791
7,16,3,2,4792
11,17,8,4,4793
19,13,3,4,4794
19,17,7,7,4795
21,19,8,9,4796
11,3,2,4,4797
16,8,8,8,4798
13,9,2,4,4799
4,13,2,8,4800
4,8,3,5,4701
13,3,9,6,4702
1,23,6,3,4703
10,7,6,5,4704
19,16,6,6,4705
4,8,5,11,4706
9,5,9,10,4707
12,23,10,3,4708
12,10,6,10,4709
18,4,7,7,4710
