13,2,9,9,101
7,22,10,8,102
9,22,2,7,103
19,8,9,5,104
19,7,3,8,105
18,14,2,2,106
17,14,2,8,107
17,9,5,8,108
3,19,6,6,109
14,12,5,6,110
10,18,3,9,111
15,17,6,5,112
3,16,10,3,113
13,5,4,2,114
6,8,9,4,115
4,14,5,2,116
21,12,8,4,117
17,12,5,10,118
8,4,6,9,119
23,9,4,9,120
6,20,8,7,121
5,10,8,10,122
5,14,3,11,123
21,18,7,9,124
4,13,2,10,125
8,4,5,4,126
9,18,6,10,127
21,13,4,2,128
11,17,9,3,129
23,16,3,4,130
16,3,9,2,131
13,3,7,4,132
13,14,6,4,133
19,6,10,3,134
17,24,6,6,135
13,16,7,3,136
6,17,6,2,137
10,22,2,2,138
13,14,9,9,139
7,8,8,3,140
23,8,2,3,141
16,17,7,6,142
3,15,5,9,143
23,1,8,7,144
24,7,5,8,145
7,17,2,5,146
4,14,6,5,147
10,18,4,9,148
16,13,3,3,149
10,24,3,3,150
5,1,8,3,51
17,5,10,9,52
23,5,2,5,53
23,3,9,9,54
5,6,7,6,55
24,17,5,10,56
14,13,7,2,57
21,7,9,7,58
2,23,5,10,59
3,15,7,3,60
