22,9,4,4,201
23,11,3,2,202
20,8,5,10,203
13,12,2,8,204
17,3,6,6,205
24,1,8,7,206
24,14,9,6,207
18,17,10,6,208
8,13,8,11,209
2,23,6,2,210
12,16,7,11,211
20,1,4,9,212
1,19,3,9,213
14,3,5,8,214
6,8,9,10,215
13,3,3,10,216
10,3,6,5,217
5,9,5,7,218
10,14,6,9,219
20,22,9,2,220
19,12,2,4,221
16,5,4,8,222
10,4,4,6,223
8,19,10,6,224
10,22,9,2,225
1,7,7,10,226
17,12,8,5,227
18,22,8,2,228
19,3,4,5,229
21,11,4,8,230
20,5,9,9,231
8,2,4,11,232
17,23,10,8,233
19,17,6,8,234
19,9,5,8,235
6,17,6,4,236
21,19,5,9,237
20,6,6,5,238
19,15,8,6,239
20,9,2,7,240
1,2,8,6,241
18,16,10,11,242
6,19,9,7,243
21,11,3,3,244
20,15,10,2,245
12,7,7,10,246
2,7,5,4,247
17,14,5,8,248
23,24,4,5,249
21,12,8,5,250
17,5,5,9,151
10,15,5,2,152
6,14,3,7,153
18,3,5,7,154
3,24,8,6,155
4,14,7,10,156
5,17,8,5,157
14,13,3,10,158
13,22,10,11,159
20,24,10,7,160
