22,7,10,11,1301
23,14,4,8,1302
20,11,5,7,1303
1,7,4,9,1304
2,14,5,2,1305
15,23,9,9,1306
14,11,2,4,1307
4,21,5,11,1308
7,3,6,7,1309
13,16,10,6,1310
19,11,3,10,1311
6,9,5,3,1312
13,21,4,9,1313
9,3,8,6,1314
23,4,8,5,1315
8,13,5,5,1316
14,20,9,3,1317
2,12,9,9,1318
8,18,10,7,1319
2,18,5,10,1320
5,20,4,7,1321
16,14,9,2,1322
2,15,4,11,1323
4,23,9,11,1324
10,8,5,2,1325
2,13,10,2,1326
9,16,9,4,1327
12,14,8,8,1328
24,18,6,11,1329
11,4,9,2,1330
9,6,3,11,1331
12,24,9,10,1332
18,8,10,11,1333
13,15,4,4,1334
18,12,9,10,1335
15,13,7,8,1336
4,11,3,3,1337
13,7,2,7,1338
10,21,10,3,1339
2,20,9,8,1340
2,3,3,9,1341
3,18,4,4,1342
4,8,10,6,1343
21,17,4,10,1344
8,22,6,5,1345
21,1,9,5,1346
2,9,8,7,1347
18,12,4,2,1348
7,21,4,3,1349
6,1,10,4,1350
15,23,2,6,1251
21,13,5,9,1252
20,14,7,2,1253
2,4,2,5,1254
18,9,8,8,1255
21,2,2,2,1256
15,16,4,3,1257
19,4,6,4,1258
9,4,5,10,1259
17,21,4,10,1260
