24,2,8,8,1
7,13,9,5,2
1,19,10,3,3
11,10,8,6,4
10,16,4,9,5
11,12,7,6,6
16,11,8,7,7
9,14,4,10,8
19,21,2,5,9
1,3,8,8,10
16,14,3,9,11
6,12,2,2,12
19,20,4,7,13
8,23,4,4,14
11,7,7,3,15
7,17,5,9,16
19,6,4,4,17
12,15,3,8,18
5,12,5,9,19
19,2,6,8,20
13,17,4,6,21
14,16,2,5,22
16,22,6,3,23
5,13,10,10,24
23,12,2,5,25
3,23,4,10,26
21,12,6,10,27
1,7,7,9,28
10,11,2,9,29
2,9,9,5,30
24,11,4,2,31
5,22,8,6,32
23,10,5,9,33
15,8,10,11,34
5,1,3,3,35
7,20,4,11,36
2,1,9,8,37
9,5,3,10,38
13,20,7,2,39
3,5,3,7,40
19,12,8,5,41
6,18,8,5,42
9,22,5,4,43
21,23,9,6,44
11,10,2,5,45
7,18,9,3,46
21,23,10,9,47
19,7,5,8,48
8,2,8,2,49
6,21,7,6,50
