4,6,8,9,2151
3,7,6,9,2152
15,4,5,5,2153
18,23,5,3,2154
5,12,7,8,2155
5,9,8,10,2156
9,17,9,6,2157
6,4,7,6,2158
13,18,9,5,2159
20,17,3,5,2160
7,4,8,5,2161
12,18,5,2,2162
4,18,7,9,2163
16,24,7,10,2164
20,8,6,8,2165
18,1,6,8,2166
21,10,7,6,2167
3,8,7,5,2168
24,12,6,7,2169
23,7,8,6,2170
11,3,6,7,2171
23,12,4,11,2172
8,22,6,5,2173
17,24,6,10,2174
20,2,8,5,2175
3,19,10,7,2176
13,14,3,10,2177
14,7,4,3,2178
9,16,7,3,2179
24,2,6,9,2180
12,15,3,11,2181
2,3,2,10,2182
24,6,8,4,2183
22,17,9,4,2184
19,22,10,10,2185
5,11,8,10,2186
12,17,8,3,2187
1,12,4,7,2188
6,11,10,11,2189
21,4,4,7,2190
8,20,7,3,2191
22,24,6,2,2192
14,18,5,2,2193
15,5,7,7,2194
19,15,9,2,2195
24,4,4,4,2196
10,21,5,4,2197
18,6,4,2,2198
5,6,4,2,2199
17,15,6,2,2200
21,16,7,3,2101
14,12,7,2,2102
15,2,7,9,2103
9,17,9,2,2104
6,7,7,11,2105
23,21,9,2,2106
7,16,7,6,2107
4,18,8,4,2108
14,20,10,4,2109
2,10,5,6,2110
