16,15,10,6,4301
13,15,4,3,4302
6,11,2,9,4303
22,5,8,7,4304
16,23,7,6,4305
11,19,5,9,4306
10,16,4,2,4307
4,5,3,10,4308
16,1,3,9,4309
10,19,10,8,4310
18,20,7,10,4311
8,14,5,5,4312
6,8,9,11,4313
1,10,9,8,4314
21,12,3,9,4315
19,13,5,4,4316
12,19,2,2,4317
1,5,4,5,4318
7,9,2,8,4319
24,19,9,8,4320
4,3,2,3,4321
7,2,6,7,4322
23,16,8,11,4323
12,11,10,2,4324
22,12,8,9,4325
9,7,4,6,4326
22,15,5,5,4327
8,19,7,8,4328
4,24,7,11,4329
23,24,7,2,4330
10,24,9,11,4331
2,3,4,3,4332
3,11,2,2,4333
14,12,2,8,4334
22,6,8,8,4335
15,6,10,4,4336
22,12,2,9,4337
24,13,10,7,4338
12,10,6,6,4339
17,5,2,7,4340
23,14,10,11,4341
9,24,2,2,4342
15,20,10,4,4343
12,20,8,5,4344
19,9,3,6,4345
2,23,2,5,4346
19,9,3,11,4347
12,16,8,7,4348
23,4,9,3,4349
24,3,5,8,4350
21,17,2,7,4251
21,2,9,6,4252
10,23,4,7,4253
2,15,10,3,4254
21,24,2,5,4255
14,16,3,3,4256
2,8,7,9,4257
1,7,2,3,4258
7,17,4,4,4259
9,18,8,5,4260
