23,24,8,4,3451
22,23,9,9,3452
8,1,5,5,3453
12,19,4,4,3454
23,7,8,3,3455
3,6,9,7,3456
15,13,6,4,3457
3,24,10,2,3458
24,17,2,5,3459
23,8,7,5,3460
10,8,3,6,3461
3,7,2,6,3462
18,23,5,7,3463
24,2,9,8,3464
14,22,7,7,3465
21,1,3,4,3466
1,2,5,8,3467
18,19,6,6,3468
4,17,7,4,3469
10,13,5,5,3470
8,15,2,11,3471
9,3,2,9,3472
16,14,2,5,3473
20,8,9,4,3474
2,22,7,5,3475
13,14,9,10,3476
13,24,5,8,3477
15,17,5,7,3478
6,11,10,11,3479
20,15,5,10,3480
10,24,4,6,3481
16,22,3,4,3482
24,9,6,4,3483
14,13,2,6,3484
21,23,2,9,3485
5,22,4,3,3486
9,24,8,6,3487
16,3,3,11,3488
17,2,5,2,3489
2,5,6,7,3490
8,23,7,10,3491
3,6,8,11,3492
8,17,4,4,3493
20,3,5,11,3494
21,20,7,9,3495
20,13,9,11,3496
8,20,5,7,3497
13,19,6,9,3498
23,13,9,4,3499
6,2,9,4,3500
5,14,3,8,3401
6,12,4,3,3402
2,18,7,5,3403
8,22,8,3,3404
22,9,6,10,3405
5,7,7,10,3406
2,22,10,3,3407
6,21,4,9,3408
16,11,5,7,3409
13,5,5,7,3410
