21,4,10,3,1201
1,11,4,9,1202
20,4,2,7,1203
11,13,8,9,1204
18,24,8,2,1205
4,23,4,10,1206
15,4,9,4,1207
21,20,9,3,1208
7,9,3,3,1209
24,5,5,2,1210
8,19,7,11,1211
17,22,9,11,1212
6,18,3,7,1213
7,21,8,4,1214
8,14,5,3,1215
20,5,8,8,1216
13,23,10,3,1217
8,14,8,5,1218
20,10,2,4,1219
12,4,3,6,1220
24,3,7,3,1221
16,11,8,4,1222
11,19,8,6,1223
5,2,9,11,1224
8,19,7,4,1225
3,22,10,5,1226
3,8,5,5,1227
21,18,7,3,1228
22,17,6,7,1229
2,17,6,9,1230
16,21,5,3,1231
16,2,2,2,1232
9,6,5,8,1233
12,23,5,3,1234
18,13,3,11,1235
10,19,2,6,1236
16,13,3,4,1237
9,17,5,2,1238
1,12,8,6,1239
15,1,10,2,1240
1,18,8,7,1241
15,4,6,9,1242
22,3,6,10,1243
18,24,4,6,1244
20,18,8,3,1245
15,14,8,9,1246
6,5,8,3,1247
12,15,9,3,1248
7,3,5,4,1249
4,16,5,10,1250
21,1,4,2,1151
20,22,9,4,1152
9,8,4,7,1153
16,13,8,8,1154
16,13,6,6,1155
21,5,4,9,1156
23,12,4,9,1157
22,13,3,9,1158
22,18,2,3,1159
5,24,9,5,1160
