9,15,3,3,2801
7,3,9,10,2802
4,1,9,3,2803
13,11,9,5,2804
11,4,6,6,2805
11,2,10,8,2806
2,23,4,9,2807
4,6,5,9,2808
18,3,10,3,2809
22,4,6,6,2810
2,24,6,2,2811
11,21,9,10,2812
19,5,4,9,2813
13,9,10,3,2814
20,14,4,4,2815
13,9,7,6,2816
7,16,3,8,2817
21,1,8,4,2818
11,16,8,8,2819
23,14,6,10,2820
16,5,5,10,2821
8,20,5,3,2822
11,15,8,6,2823
4,6,9,5,2824
10,24,5,4,2825
2,9,3,9,2826
23,11,5,7,2827
21,19,2,11,2828
9,21,9,11,2829
2,1,7,11,2830
19,3,5,8,2831
13,21,4,5,2832
22,1,3,7,2833
16,20,10,4,2834
5,13,8,10,2835
12,13,9,6,2836
2,6,9,8,2837
7,21,10,2,2838
13,4,9,4,2839
14,7,9,11,2840
19,4,10,3,2841
4,10,5,10,2842
11,1,7,8,2843
5,24,6,10,2844
14,23,9,8,2845
17,11,10,10,2846
7,9,10,5,2847
14,21,7,11,2848
14,16,9,5,2849
22,21,4,4,2850
16,23,7,10,2751
22,13,7,2,2752
15,22,3,10,2753
24,23,5,10,2754
20,16,2,6,2755
17,16,9,3,2756
3,22,9,7,2757
18,14,7,6,2758
7,14,8,5,2759
3,11,7,5,2760
