3,16,7,11,4501
22,8,2,5,4502
18,15,10,2,4503
12,5,9,5,4504
24,19,6,11,4505
3,13,9,7,4506
23,7,2,6,4507
15,19,10,11,4508
19,23,2,7,4509
15,21,3,6,4510
17,2,2,7,4511
14,1,9,11,4512
3,14,5,4,4513
22,10,6,10,4514
1,17,8,9,4515
6,20,7,11,4516
19,13,2,11,4517
20,4,5,6,4518
13,2,10,3,4519
20,16,5,10,4520
20,9,6,8,4521
2,20,6,3,4522
6,23,2,11,4523
24,2,2,2,4524
6,1,9,9,4525
4,16,8,11,4526
6,12,6,10,4527
2,13,3,6,4528
15,4,10,3,4529
7,4,10,4,4530
4,24,8,2,4531
6,3,2,9,4532
7,9,2,2,4533
3,19,3,3,4534
4,13,6,8,4535
21,1,9,7,4536
23,14,5,2,4537
20,5,3,10,4538
15,21,5,5,4539
13,3,7,5,4540
23,4,3,11,4541
17,24,5,3,4542
2,16,5,2,4543
12,10,9,4,4544
2,16,6,5,4545
8,19,9,11,4546
23,18,3,4,4547
6,18,5,11,4548
8,4,2,3,4549
7,3,10,2,4550
22,18,5,10,4451
17,5,7,2,4452
1,16,4,7,4453
21,1,2,3,4454
5,2,4,3,4455
6,15,10,10,4456
19,2,6,4,4457
18,19,6,8,4458
21,3,6,5,4459
17,9,5,8,4460
