21,1,8,2,1151
20,22,6,4,1152
9,8,6,7,1153
16,13,9,8,1154
16,13,7,6,1155
21,5,9,9,1156
23,12,8,9,1157
22,13,10,9,1158
22,18,6,3,1159
5,24,7,5,1160
1,15,8,4,1161
10,2,9,10,1162
20,17,10,9,1163
10,12,10,8,1164
18,12,4,3,1165
18,14,7,5,1166
1,9,6,2,1167
5,20,9,4,1168
16,17,9,9,1169
3,18,4,10,1170
19,15,7,11,1171
8,7,9,11,1172
4,12,5,10,1173
22,7,6,3,1174
23,17,8,9,1175
23,6,7,11,1176
5,8,9,8,1177
22,4,3,4,1178
5,4,5,8,1179
13,1,5,9,1180
18,5,2,9,1181
7,11,8,6,1182
9,13,8,5,1183
23,19,10,10,1184
10,4,7,10,1185
4,23,2,10,1186
5,8,2,9,1187
8,21,4,7,1188
17,4,4,4,1189
9,14,9,6,1190
17,6,5,7,1191
14,20,7,4,1192
13,8,5,6,1193
18,1,4,5,1194
8,11,4,2,1195
9,6,3,9,1196
21,5,3,2,1197
23,13,6,4,1198
7,13,9,4,1199
21,23,10,10,1200
4,12,3,2,1101
4,5,7,10,1102
6,24,4,4,1103
20,5,9,10,1104
23,3,3,9,1105
21,7,3,4,1106
20,10,10,3,1107
9,7,3,7,1108
22,12,9,9,1109
8,17,6,9,1110
