11,21,10,6,1751
1,4,5,7,1752
12,9,10,4,1753
4,12,7,6,1754
16,3,6,4,1755
24,8,10,4,1756
17,14,6,6,1757
24,21,8,6,1758
10,12,6,2,1759
11,8,10,7,1760
5,17,6,7,1761
3,24,9,7,1762
12,20,3,5,1763
7,11,2,2,1764
22,7,7,4,1765
1,2,4,6,1766
19,12,8,4,1767
14,21,7,7,1768
8,11,5,9,1769
15,10,4,3,1770
3,17,9,8,1771
17,12,6,10,1772
3,11,8,2,1773
14,15,3,6,1774
7,19,3,3,1775
5,24,8,5,1776
3,5,7,5,1777
2,19,9,7,1778
3,21,4,7,1779
12,4,2,6,1780
13,4,10,10,1781
13,1,7,9,1782
2,4,5,6,1783
16,4,3,2,1784
6,5,7,2,1785
8,16,5,5,1786
16,21,2,7,1787
3,5,4,2,1788
6,20,8,9,1789
12,20,10,11,1790
10,18,5,11,1791
15,22,4,7,1792
18,14,7,7,1793
10,6,6,3,1794
16,15,4,5,1795
11,8,6,11,1796
22,7,9,9,1797
8,9,3,5,1798
20,1,8,9,1799
12,5,9,4,1800
9,12,3,4,1701
10,11,10,9,1702
3,22,8,3,1703
9,23,6,9,1704
14,24,6,2,1705
15,9,10,7,1706
24,11,8,5,1707
11,19,4,3,1708
14,6,10,11,1709
10,7,5,8,1710
