21,10,5,5,4551
15,11,7,11,4552
17,12,7,9,4553
20,1,10,3,4554
8,5,7,11,4555
20,16,4,6,4556
17,8,6,5,4557
19,17,2,11,4558
17,11,8,7,4559
9,15,6,3,4560
19,12,2,9,4561
4,14,4,5,4562
6,13,8,4,4563
21,16,6,3,4564
15,14,7,6,4565
8,24,6,8,4566
17,4,8,6,4567
4,7,10,5,4568
11,22,6,6,4569
4,8,3,7,4570
21,16,4,6,4571
3,15,4,7,4572
2,1,2,10,4573
18,9,3,2,4574
16,12,6,10,4575
8,24,10,7,4576
7,12,4,3,4577
19,3,6,11,4578
19,3,3,6,4579
12,20,4,5,4580
1,9,4,10,4581
20,14,10,6,4582
19,20,6,3,4583
8,5,6,4,4584
13,7,2,5,4585
18,4,10,4,4586
22,18,5,10,4587
15,9,4,11,4588
17,11,2,9,4589
15,9,8,3,4590
23,16,6,8,4591
4,19,10,3,4592
13,1,9,10,4593
4,5,5,9,4594
9,14,3,6,4595
7,23,10,11,4596
19,18,6,2,4597
22,8,10,6,4598
20,15,4,3,4599
2,15,3,11,4600
3,16,4,11,4501
22,8,3,5,4502
18,15,2,2,4503
12,5,5,5,4504
24,19,2,11,4505
3,13,7,7,4506
23,7,7,6,4507
15,19,7,11,4508
19,23,5,7,4509
15,21,9,6,4510
