6,23,9,7,601
20,10,10,2,602
5,20,4,6,603
6,24,5,8,604
9,7,2,7,605
12,5,3,9,606
11,1,3,7,607
9,18,10,5,608
18,7,4,3,609
3,23,2,5,610
10,15,3,8,611
6,16,2,8,612
2,7,4,8,613
4,13,5,8,614
24,23,5,5,615
8,4,9,7,616
20,3,8,8,617
2,20,9,10,618
10,5,3,9,619
13,4,6,9,620
10,7,10,7,621
19,9,2,3,622
21,20,6,3,623
9,6,8,5,624
5,19,4,10,625
3,15,4,3,626
10,2,2,4,627
10,4,3,5,628
23,18,3,8,629
9,16,7,8,630
6,23,2,6,631
18,9,4,8,632
1,18,5,10,633
13,8,5,4,634
22,14,5,6,635
22,7,2,7,636
24,10,8,5,637
9,12,2,11,638
4,11,8,7,639
12,24,3,11,640
23,4,9,2,641
4,1,9,3,642
22,3,7,7,643
15,7,8,5,644
23,13,7,4,645
15,14,8,4,646
13,6,5,5,647
16,20,6,4,648
9,16,4,2,649
8,4,10,10,650
4,21,8,6,551
20,2,2,5,552
2,15,6,6,553
14,16,2,3,554
11,5,9,5,555
13,7,7,2,556
17,11,9,3,557
17,6,3,11,558
3,15,9,10,559
4,12,3,8,560
