12,19,7,5,851
10,3,10,9,852
5,16,5,7,853
4,17,10,6,854
4,2,9,11,855
1,17,6,3,856
24,3,8,7,857
20,13,9,10,858
3,11,3,3,859
17,9,2,3,860
1,5,9,5,861
15,13,6,2,862
17,13,9,7,863
11,16,7,10,864
23,7,8,10,865
13,22,10,11,866
20,18,3,3,867
10,13,2,6,868
2,20,3,3,869
21,10,10,10,870
18,15,4,11,871
17,5,2,9,872
24,13,4,5,873
11,9,2,9,874
21,23,10,6,875
4,8,10,3,876
7,6,6,7,877
8,15,10,3,878
3,18,7,6,879
14,16,4,11,880
21,22,8,2,881
23,19,3,9,882
20,23,9,9,883
14,5,6,3,884
20,24,8,8,885
4,10,7,3,886
20,13,8,4,887
16,3,4,11,888
8,23,4,9,889
1,20,9,2,890
4,14,10,7,891
23,5,2,11,892
19,1,7,4,893
24,5,10,2,894
18,2,7,3,895
3,24,9,9,896
16,13,3,9,897
8,4,8,5,898
18,5,3,4,899
4,15,2,3,900
12,21,10,2,801
19,14,8,8,802
7,24,6,6,803
1,3,7,9,804
17,15,10,4,805
5,2,4,11,806
10,7,10,8,807
7,16,9,8,808
21,15,8,10,809
20,16,2,6,810
