9,14,7,11,1851
6,20,7,7,1852
19,2,6,8,1853
2,10,5,8,1854
17,8,3,10,1855
15,3,10,7,1856
24,16,7,8,1857
13,18,9,8,1858
2,18,8,5,1859
21,24,5,11,1860
21,10,4,6,1861
14,6,5,11,1862
10,13,5,3,1863
20,24,8,3,1864
16,8,5,5,1865
10,4,4,10,1866
1,6,7,7,1867
7,6,6,11,1868
9,2,3,11,1869
3,16,6,7,1870
2,21,3,7,1871
20,11,9,2,1872
4,17,5,9,1873
18,7,9,6,1874
19,3,10,11,1875
6,17,7,8,1876
21,11,10,8,1877
1,23,8,7,1878
6,22,8,8,1879
9,16,5,4,1880
15,21,4,5,1881
4,5,6,5,1882
2,10,4,5,1883
22,8,6,11,1884
8,19,8,9,1885
24,17,7,8,1886
8,20,6,3,1887
20,1,3,7,1888
19,10,2,6,1889
7,18,2,6,1890
16,1,9,2,1891
13,22,10,10,1892
19,8,3,8,1893
15,21,4,10,1894
2,24,10,10,1895
15,16,5,5,1896
6,13,2,8,1897
11,21,3,10,1898
11,16,2,11,1899
16,17,10,6,1900
13,6,8,6,1801
10,18,5,3,1802
19,5,5,4,1803
17,22,8,11,1804
4,6,6,7,1805
4,2,7,8,1806
10,19,5,9,1807
15,9,7,5,1808
17,4,2,3,1809
10,15,2,8,1810
