21,4,2,7,3201
1,13,10,3,3202
23,15,9,6,3203
1,16,2,6,3204
4,9,9,10,3205
17,20,8,2,3206
22,20,5,2,3207
3,22,2,10,3208
23,16,2,10,3209
24,14,5,4,3210
11,9,7,8,3211
3,21,5,10,3212
15,24,9,4,3213
17,13,2,6,3214
23,17,10,3,3215
18,13,3,9,3216
5,11,7,6,3217
7,5,10,10,3218
22,12,8,6,3219
17,24,4,6,3220
8,24,6,7,3221
4,15,7,4,3222
17,20,2,7,3223
10,18,4,9,3224
17,20,4,5,3225
2,20,6,4,3226
20,2,4,9,3227
12,5,6,5,3228
21,11,10,8,3229
8,16,7,2,3230
15,21,9,4,3231
16,10,7,3,3232
21,23,2,8,3233
23,11,2,2,3234
19,11,3,10,3235
1,4,2,8,3236
20,19,4,4,3237
5,22,4,2,3238
1,3,9,2,3239
20,13,10,5,3240
11,10,2,10,3241
14,10,7,2,3242
9,8,8,4,3243
9,10,5,10,3244
23,3,6,7,3245
8,16,9,4,3246
22,9,8,4,3247
9,19,2,8,3248
3,14,2,9,3249
15,8,9,5,3250
11,5,10,8,3151
23,5,3,11,3152
10,24,9,11,3153
12,14,4,4,3154
18,10,10,8,3155
13,5,7,3,3156
15,21,9,10,3157
4,16,4,5,3158
19,8,2,10,3159
18,12,6,6,3160
