22,15,6,3,4451
19,6,9,11,4452
14,24,4,10,4453
1,17,3,3,4454
19,17,7,11,4455
7,8,4,10,4456
20,11,2,8,4457
17,23,7,5,4458
15,22,5,10,4459
22,11,4,6,4460
3,24,9,5,4461
7,23,3,2,4462
12,19,3,2,4463
14,4,6,5,4464
16,22,5,9,4465
23,9,10,9,4466
2,24,9,9,4467
2,13,3,4,4468
23,2,10,9,4469
7,8,3,3,4470
20,10,10,7,4471
19,7,6,4,4472
15,20,2,4,4473
2,14,5,7,4474
12,21,3,2,4475
2,15,2,5,4476
19,20,2,5,4477
2,14,9,7,4478
13,10,6,9,4479
24,1,10,7,4480
12,24,8,7,4481
13,20,6,10,4482
16,18,6,6,4483
6,23,4,5,4484
14,7,6,11,4485
18,1,10,3,4486
6,20,5,7,4487
4,24,5,11,4488
18,9,5,2,4489
12,16,6,2,4490
23,14,9,8,4491
24,7,9,8,4492
23,8,4,5,4493
10,23,4,6,4494
8,18,5,10,4495
3,9,3,9,4496
23,9,8,3,4497
4,2,5,6,4498
9,6,9,7,4499
19,4,6,10,4500
6,10,7,8,4401
7,18,3,6,4402
20,10,3,4,4403
18,14,9,4,4404
23,22,8,6,4405
4,24,10,10,4406
13,22,2,6,4407
16,6,3,10,4408
2,8,3,4,4409
17,20,5,7,4410
