6,20,7,3,2401
12,6,8,8,2402
11,10,4,3,2403
11,5,10,11,2404
21,3,8,10,2405
21,15,5,4,2406
19,22,10,11,2407
13,7,10,2,2408
11,5,2,2,2409
11,23,7,9,2410
1,12,6,8,2411
1,13,9,7,2412
14,13,6,11,2413
21,23,10,8,2414
24,11,3,5,2415
20,4,2,8,2416
16,3,4,10,2417
1,24,3,10,2418
15,23,5,6,2419
15,21,7,9,2420
14,12,10,9,2421
3,4,6,2,2422
23,3,6,11,2423
7,8,2,2,2424
4,5,10,9,2425
6,10,5,9,2426
8,15,3,4,2427
2,14,5,10,2428
2,24,4,9,2429
10,18,7,7,2430
22,17,3,2,2431
20,17,6,8,2432
10,22,2,5,2433
17,4,9,6,2434
8,13,8,2,2435
24,11,3,9,2436
8,19,6,8,2437
15,6,5,2,2438
16,22,10,7,2439
10,21,9,8,2440
13,17,5,10,2441
8,18,6,10,2442
11,3,10,6,2443
19,24,2,11,2444
12,13,7,2,2445
13,18,6,2,2446
24,21,6,9,2447
14,2,5,4,2448
19,15,3,9,2449
17,24,10,6,2450
11,13,7,9,2351
1,3,7,6,2352
10,11,10,10,2353
21,1,3,5,2354
6,4,7,7,2355
12,20,5,5,2356
18,15,10,11,2357
13,5,3,6,2358
11,8,6,5,2359
6,3,9,10,2360
