9,12,4,4,1701
10,11,8,9,1702
3,22,3,3,1703
9,23,9,9,1704
14,24,10,2,1705
15,9,6,7,1706
24,11,7,5,1707
11,19,3,3,1708
14,6,6,11,1709
10,7,10,8,1710
13,4,5,9,1711
7,15,3,4,1712
13,4,3,4,1713
17,24,4,10,1714
15,12,6,8,1715
24,23,3,3,1716
4,18,6,11,1717
24,5,6,6,1718
4,8,8,2,1719
24,5,8,7,1720
12,10,7,6,1721
9,21,4,8,1722
24,9,8,2,1723
6,17,8,7,1724
6,18,6,9,1725
22,16,9,3,1726
24,12,9,9,1727
16,3,8,11,1728
12,2,10,9,1729
13,24,4,5,1730
23,14,3,10,1731
11,9,3,4,1732
4,2,6,4,1733
17,23,8,8,1734
8,9,9,9,1735
18,12,3,7,1736
7,1,9,5,1737
16,18,8,5,1738
17,18,3,11,1739
19,16,2,10,1740
19,17,5,6,1741
21,20,4,8,1742
12,17,5,3,1743
9,2,3,9,1744
12,10,8,10,1745
2,8,6,2,1746
1,13,7,5,1747
22,19,3,9,1748
19,12,7,11,1749
21,12,4,2,1750
13,14,8,9,1651
22,7,6,8,1652
7,2,4,9,1653
5,14,8,6,1654
23,11,9,10,1655
15,9,10,8,1656
21,4,7,3,1657
5,2,9,7,1658
12,7,2,8,1659
8,4,6,6,1660
