13,24,7,9,3251
4,22,7,4,3252
6,16,7,2,3253
7,8,7,5,3254
12,21,8,7,3255
22,2,10,5,3256
17,9,7,11,3257
23,17,4,5,3258
18,15,9,3,3259
17,11,8,9,3260
13,20,5,10,3261
8,19,7,10,3262
20,18,2,6,3263
5,4,8,3,3264
11,3,2,6,3265
16,4,2,5,3266
10,6,3,8,3267
11,17,3,6,3268
16,12,6,7,3269
22,10,3,5,3270
8,20,2,7,3271
5,8,6,10,3272
13,2,7,6,3273
17,5,3,5,3274
16,2,4,8,3275
11,5,3,3,3276
21,6,5,8,3277
18,24,8,2,3278
8,6,2,2,3279
20,18,7,6,3280
23,20,6,3,3281
24,15,5,7,3282
19,8,10,11,3283
7,21,9,4,3284
18,17,4,5,3285
22,2,7,9,3286
11,20,2,9,3287
24,22,9,6,3288
19,9,2,2,3289
3,13,2,5,3290
22,23,5,11,3291
19,3,5,11,3292
21,22,3,7,3293
6,21,2,4,3294
18,21,9,2,3295
6,23,7,3,3296
7,10,8,9,3297
3,24,9,10,3298
7,15,10,7,3299
3,23,10,9,3300
7,9,2,7,3201
24,7,3,8,3202
5,14,5,8,3203
4,13,3,9,3204
8,18,10,10,3205
12,7,10,7,3206
1,2,4,9,3207
23,8,4,10,3208
16,5,6,5,3209
9,6,7,8,3210
