9,10,5,6,1951
20,4,7,11,1952
17,11,10,9,1953
11,19,8,4,1954
21,15,7,3,1955
14,17,2,6,1956
7,19,7,11,1957
24,16,5,7,1958
7,20,7,4,1959
14,6,6,3,1960
8,18,10,4,1961
21,13,6,10,1962
20,3,9,9,1963
15,23,2,7,1964
16,7,3,11,1965
3,9,3,8,1966
9,10,8,3,1967
16,3,2,3,1968
1,5,8,9,1969
22,6,7,4,1970
12,21,7,8,1971
3,19,10,6,1972
5,8,10,6,1973
2,10,8,10,1974
2,12,8,3,1975
23,10,8,2,1976
16,18,4,9,1977
3,14,3,5,1978
16,23,6,10,1979
13,14,6,3,1980
21,7,4,2,1981
1,15,2,2,1982
9,4,4,9,1983
18,8,5,4,1984
4,6,9,10,1985
23,2,7,3,1986
2,4,5,6,1987
3,11,4,11,1988
3,21,6,6,1989
24,22,10,10,1990
1,24,6,9,1991
22,14,10,3,1992
16,14,3,3,1993
11,2,7,5,1994
22,4,10,2,1995
8,13,9,3,1996
24,12,2,9,1997
11,7,6,8,1998
8,12,8,9,1999
23,4,10,5,2000
19,10,4,9,1901
14,11,6,3,1902
22,17,3,10,1903
1,18,2,10,1904
19,20,9,4,1905
5,6,5,8,1906
17,19,2,9,1907
8,21,5,9,1908
16,21,10,8,1909
18,10,2,8,1910
