11,24,8,8,3051
4,1,10,5,3052
5,17,10,10,3053
5,6,3,6,3054
20,6,5,10,3055
20,13,2,3,3056
19,18,7,4,3057
16,7,8,3,3058
6,7,6,2,3059
24,21,10,2,3060
22,5,2,6,3061
4,5,7,11,3062
7,9,3,10,3063
20,19,4,9,3064
23,22,5,7,3065
10,13,3,9,3066
23,22,4,8,3067
3,22,7,7,3068
15,19,4,5,3069
7,4,5,6,3070
4,18,4,3,3071
4,7,3,2,3072
23,3,7,2,3073
8,20,2,6,3074
5,10,2,6,3075
16,10,10,7,3076
9,21,7,10,3077
12,2,7,7,3078
10,17,9,6,3079
7,9,2,5,3080
7,22,7,5,3081
24,14,4,4,3082
9,3,6,10,3083
24,14,6,11,3084
13,4,3,5,3085
24,3,10,9,3086
14,11,4,5,3087
23,8,3,7,3088
19,20,2,5,3089
4,7,3,10,3090
11,22,7,5,3091
2,9,3,6,3092
3,2,6,10,3093
18,8,6,6,3094
1,14,2,8,3095
1,15,9,5,3096
22,1,4,2,3097
5,19,10,3,3098
20,22,2,4,3099
20,10,4,2,3100
24,14,2,8,3001
9,8,5,7,3002
18,23,5,9,3003
5,1,6,9,3004
18,13,9,4,3005
12,16,7,2,3006
22,6,5,11,3007
2,24,5,9,3008
1,4,7,6,3009
5,7,7,5,3010
