13,2,7,4,3901
6,24,5,11,3902
16,2,8,11,3903
2,4,4,8,3904
6,1,10,8,3905
14,20,3,3,3906
17,13,9,4,3907
16,1,9,3,3908
3,18,5,5,3909
18,15,4,11,3910
16,15,9,7,3911
8,19,2,8,3912
5,22,3,2,3913
7,23,5,5,3914
3,5,4,5,3915
15,12,10,6,3916
5,15,4,4,3917
1,22,8,5,3918
4,19,2,6,3919
23,7,9,4,3920
14,5,9,7,3921
14,8,3,7,3922
14,11,6,11,3923
19,3,10,2,3924
23,5,10,10,3925
24,23,7,7,3926
20,15,9,6,3927
21,14,7,5,3928
13,15,10,2,3929
12,4,8,8,3930
4,2,9,11,3931
7,17,6,11,3932
7,4,9,4,3933
21,15,8,7,3934
11,23,5,4,3935
19,17,2,9,3936
21,19,8,8,3937
13,11,8,3,3938
4,6,2,7,3939
8,3,9,9,3940
15,5,8,8,3941
20,1,5,7,3942
17,3,10,11,3943
22,13,7,7,3944
2,19,3,7,3945
6,12,7,9,3946
6,14,3,8,3947
4,24,5,5,3948
15,8,5,6,3949
6,21,8,8,3950
12,24,10,10,3851
11,3,7,3,3852
16,2,3,4,3853
6,22,7,8,3854
23,9,2,7,3855
14,12,5,4,3856
22,9,9,11,3857
11,6,5,5,3858
20,1,8,2,3859
12,24,3,6,3860
