5,1,4,3,51
17,5,7,9,52
23,5,3,5,53
23,3,5,9,54
5,6,3,6,55
24,17,9,10,56
14,13,6,2,57
21,7,5,7,58
2,23,9,10,59
3,15,3,3,60
17,20,7,4,61
13,2,5,3,62
10,5,3,9,63
7,16,3,5,64
8,13,7,9,65
20,11,5,6,66
2,18,2,4,67
21,10,3,10,68
8,17,10,5,69
24,17,3,7,70
23,8,2,8,71
3,4,5,9,72
16,10,4,6,73
12,14,2,3,74
21,22,2,6,75
11,16,2,11,76
13,20,10,9,77
22,11,3,4,78
5,10,7,8,79
1,23,8,3,80
24,9,6,11,81
21,13,8,9,82
24,9,6,11,83
3,7,9,4,84
18,11,10,9,85
17,4,2,3,86
23,14,2,6,87
15,1,5,11,88
15,23,8,5,89
23,22,4,9,90
3,12,7,6,91
4,24,8,2,92
10,17,6,5,93
8,2,4,10,94
11,21,5,2,95
16,2,6,3,96
9,11,8,3,97
14,18,3,2,98
20,14,9,8,99
21,1,7,11,100
4,10,3,6,1
2,7,6,10,2
18,12,7,10,3
13,14,4,9,4
21,4,5,5,5
10,23,4,2,6
22,2,8,7,7
21,5,7,9,8
3,7,5,11,9
22,5,7,9,10
