15,10,8,10,901
18,11,8,11,902
18,22,7,11,903
23,14,10,6,904
18,3,6,3,905
18,4,6,6,906
1,9,2,8,907
3,23,10,8,908
12,6,6,5,909
20,19,2,7,910
21,1,5,3,911
7,16,2,8,912
23,4,5,7,913
11,12,2,7,914
7,23,6,8,915
18,7,2,3,916
7,12,4,9,917
15,4,2,11,918
19,2,9,7,919
21,22,6,2,920
5,12,7,11,921
22,24,7,5,922
1,17,3,11,923
10,22,4,10,924
17,15,7,4,925
14,4,9,8,926
1,23,9,9,927
8,2,7,11,928
21,5,10,10,929
5,10,9,8,930
9,14,4,7,931
16,12,4,6,932
24,10,4,11,933
16,23,3,9,934
3,19,7,8,935
16,23,2,3,936
7,2,2,6,937
16,6,7,5,938
7,12,10,3,939
21,14,3,8,940
10,14,2,5,941
15,21,2,9,942
22,12,6,10,943
14,2,4,8,944
15,8,9,2,945
18,15,4,3,946
7,2,4,7,947
10,14,6,10,948
6,17,8,3,949
24,10,8,2,950
19,1,4,4,851
15,23,7,10,852
13,15,9,6,853
14,17,3,9,854
19,20,9,9,855
14,6,6,10,856
13,15,2,11,857
23,16,2,3,858
21,20,5,7,859
13,23,9,8,860
