5,16,2,9,3301
7,13,6,6,3302
11,4,2,6,3303
6,18,10,2,3304
20,13,3,3,3305
21,16,6,6,3306
24,8,2,6,3307
6,12,7,7,3308
17,13,9,11,3309
3,10,10,10,3310
9,22,4,10,3311
11,7,2,3,3312
7,12,10,7,3313
15,5,9,9,3314
18,5,8,6,3315
16,24,9,8,3316
3,16,4,3,3317
8,4,10,5,3318
11,21,4,7,3319
12,8,9,2,3320
23,18,3,5,3321
6,17,9,8,3322
15,12,6,7,3323
7,20,7,8,3324
24,14,9,4,3325
15,18,8,2,3326
13,17,6,8,3327
1,21,7,9,3328
1,11,4,7,3329
11,2,4,10,3330
19,13,2,10,3331
19,22,4,7,3332
7,1,7,6,3333
4,23,2,10,3334
10,8,4,6,3335
4,5,7,6,3336
17,19,4,2,3337
5,20,4,11,3338
24,18,9,11,3339
16,3,10,3,3340
20,9,8,7,3341
20,16,3,7,3342
13,14,7,5,3343
17,22,3,4,3344
22,8,5,10,3345
1,24,8,5,3346
9,20,10,10,3347
4,12,3,9,3348
14,13,2,6,3349
1,13,4,6,3350
19,4,2,7,3251
21,19,5,4,3252
4,24,5,6,3253
1,4,4,2,3254
13,15,5,10,3255
3,4,4,3,3256
9,7,3,5,3257
8,11,8,6,3258
9,17,4,11,3259
6,5,8,10,3260
