2,13,4,7,251
6,9,3,8,252
11,22,5,4,253
23,17,8,4,254
19,4,7,10,255
21,18,10,3,256
10,20,8,4,257
3,1,3,9,258
11,3,5,8,259
5,21,2,2,260
13,19,10,9,261
20,4,8,8,262
22,2,8,7,263
8,13,3,11,264
24,18,5,7,265
20,9,9,11,266
14,9,2,11,267
7,1,9,8,268
24,10,8,7,269
17,4,6,10,270
4,18,2,8,271
12,11,3,4,272
16,7,9,10,273
24,21,3,7,274
15,23,6,6,275
17,21,4,3,276
18,7,5,4,277
15,1,9,4,278
7,18,6,4,279
18,14,8,2,280
20,8,8,5,281
15,18,9,6,282
1,10,3,3,283
15,24,2,4,284
15,9,7,3,285
20,23,4,9,286
21,7,6,3,287
24,8,3,5,288
3,19,3,10,289
1,20,6,6,290
11,19,7,9,291
11,20,3,5,292
12,17,5,5,293
12,21,5,10,294
2,6,6,10,295
1,21,2,4,296
11,4,9,8,297
3,12,6,2,298
4,19,7,2,299
7,21,5,2,300
22,9,6,4,201
23,11,10,2,202
20,8,6,10,203
13,12,10,8,204
17,3,2,6,205
24,1,6,7,206
24,14,6,6,207
18,17,7,6,208
8,13,10,11,209
2,23,5,2,210
