15,10,2,6,2051
21,2,5,7,2052
1,8,9,6,2053
12,4,6,6,2054
23,8,8,5,2055
19,20,4,8,2056
5,13,2,9,2057
3,16,2,10,2058
5,1,3,8,2059
7,21,7,11,2060
11,2,7,4,2061
8,2,5,2,2062
2,19,6,3,2063
6,5,3,11,2064
6,5,5,9,2065
16,7,8,9,2066
15,16,4,10,2067
15,7,4,8,2068
11,21,5,9,2069
22,2,9,7,2070
2,3,9,8,2071
6,3,6,11,2072
12,10,7,7,2073
5,22,4,8,2074
20,24,10,5,2075
18,11,7,10,2076
6,11,2,5,2077
24,22,7,9,2078
4,17,8,3,2079
9,2,2,11,2080
17,19,3,3,2081
17,8,3,4,2082
6,17,6,8,2083
7,24,10,11,2084
6,12,9,3,2085
17,16,3,10,2086
10,13,4,7,2087
7,12,4,11,2088
15,4,10,10,2089
6,18,5,6,2090
7,2,5,7,2091
10,8,10,3,2092
14,2,2,2,2093
5,8,10,9,2094
24,4,8,5,2095
14,19,8,4,2096
12,15,6,11,2097
18,14,6,5,2098
2,11,2,11,2099
12,23,6,11,2100
1,9,10,4,2001
3,20,7,3,2002
13,6,6,6,2003
20,16,4,4,2004
15,22,10,11,2005
10,20,8,10,2006
17,23,6,10,2007
13,19,6,4,2008
6,14,10,10,2009
13,9,8,6,2010
