24,19,4,8,3151
17,15,10,2,3152
9,2,10,8,3153
24,9,8,5,3154
21,8,4,3,3155
17,9,5,5,3156
6,14,9,3,3157
24,22,4,3,3158
13,18,9,11,3159
3,24,8,11,3160
7,10,4,6,3161
22,14,6,9,3162
5,14,3,2,3163
14,22,6,3,3164
4,21,4,6,3165
12,3,9,8,3166
13,18,4,8,3167
22,19,5,2,3168
21,3,10,11,3169
18,24,6,10,3170
9,4,9,6,3171
4,20,7,10,3172
20,8,8,2,3173
21,8,4,4,3174
1,15,7,6,3175
24,7,9,4,3176
11,19,3,7,3177
11,1,2,3,3178
6,22,9,8,3179
22,12,7,10,3180
6,19,5,9,3181
16,3,8,2,3182
23,12,4,2,3183
13,23,8,5,3184
2,24,7,11,3185
2,1,2,11,3186
22,13,7,7,3187
23,6,6,8,3188
6,10,9,4,3189
21,17,8,10,3190
5,22,7,10,3191
6,16,5,4,3192
2,20,6,4,3193
19,23,2,8,3194
14,4,3,9,3195
18,24,2,3,3196
17,11,5,6,3197
4,16,10,10,3198
23,18,7,2,3199
16,23,10,3,3200
6,21,5,6,3101
11,5,9,10,3102
19,3,4,8,3103
6,1,8,11,3104
15,20,10,2,3105
14,15,10,11,3106
11,10,4,4,3107
10,22,2,5,3108
6,14,2,8,3109
3,4,3,11,3110
