18,11,9,3,3751
22,24,10,6,3752
2,22,3,3,3753
14,17,8,2,3754
21,15,9,3,3755
21,23,8,6,3756
16,24,9,10,3757
7,12,9,8,3758
10,13,7,10,3759
13,6,5,5,3760
19,17,9,6,3761
8,20,6,3,3762
11,13,8,2,3763
20,14,5,9,3764
11,19,8,5,3765
20,13,2,6,3766
3,15,6,4,3767
16,7,4,8,3768
14,17,3,8,3769
17,3,2,5,3770
1,18,9,7,3771
6,3,4,5,3772
20,17,9,3,3773
22,8,10,7,3774
3,5,2,6,3775
18,15,5,5,3776
6,23,3,3,3777
9,5,7,2,3778
15,19,10,2,3779
10,14,8,8,3780
6,19,10,5,3781
21,22,7,6,3782
1,6,4,8,3783
20,4,6,9,3784
7,21,8,3,3785
9,7,2,10,3786
21,22,2,7,3787
10,16,3,5,3788
20,15,10,6,3789
17,3,2,2,3790
12,18,4,2,3791
2,11,9,10,3792
12,5,2,2,3793
14,8,2,7,3794
3,8,10,5,3795
24,2,7,5,3796
17,20,9,7,3797
7,6,3,3,3798
12,21,7,6,3799
7,8,3,5,3800
9,16,7,7,3701
20,11,5,8,3702
7,15,6,7,3703
24,6,10,7,3704
19,1,5,4,3705
20,1,7,2,3706
13,20,4,11,3707
3,19,5,4,3708
20,16,4,3,3709
4,3,10,8,3710
