10,3,3,2,1501
16,2,10,2,1502
23,6,5,4,1503
19,3,4,8,1504
11,23,6,11,1505
17,10,8,10,1506
13,1,4,2,1507
7,18,6,5,1508
15,10,6,8,1509
11,16,6,7,1510
13,5,5,10,1511
19,17,10,5,1512
14,2,7,7,1513
14,8,10,10,1514
10,4,8,8,1515
9,3,5,9,1516
18,14,2,10,1517
22,5,8,11,1518
3,9,7,7,1519
16,17,4,8,1520
9,5,3,11,1521
18,21,2,2,1522
16,11,6,9,1523
2,15,10,11,1524
2,21,8,7,1525
24,22,7,5,1526
2,3,3,5,1527
22,4,7,6,1528
6,3,7,6,1529
15,13,7,7,1530
8,13,5,7,1531
12,13,5,4,1532
19,17,2,11,1533
5,16,8,3,1534
7,8,4,2,1535
13,16,2,4,1536
17,21,9,3,1537
5,22,7,9,1538
17,8,2,5,1539
8,2,8,3,1540
10,2,3,4,1541
12,22,8,2,1542
2,5,6,4,1543
19,10,6,10,1544
19,21,9,7,1545
3,12,6,2,1546
21,7,9,5,1547
12,11,2,4,1548
9,23,7,8,1549
3,13,8,10,1550
15,18,8,5,1451
11,7,7,6,1452
13,24,3,8,1453
16,2,6,11,1454
1,7,9,6,1455
13,6,6,9,1456
5,21,5,7,1457
4,9,4,4,1458
11,1,10,6,1459
12,10,5,10,1460
