22,13,4,8,2451
9,22,5,8,2452
14,23,3,8,2453
22,1,3,5,2454
15,23,5,4,2455
15,19,9,7,2456
23,1,10,11,2457
13,14,6,11,2458
24,12,6,2,2459
3,20,6,8,2460
24,3,6,5,2461
18,1,2,6,2462
13,10,10,2,2463
5,16,4,6,2464
22,21,7,9,2465
1,16,3,7,2466
24,14,7,4,2467
17,11,4,6,2468
10,18,4,7,2469
14,1,6,3,2470
17,23,2,10,2471
22,24,4,2,2472
6,15,8,11,2473
15,3,3,11,2474
16,8,3,9,2475
20,18,6,5,2476
7,15,7,10,2477
20,17,7,3,2478
16,6,6,10,2479
8,22,10,4,2480
16,14,2,6,2481
6,21,6,5,2482
15,9,3,2,2483
18,11,2,2,2484
4,6,3,8,2485
11,21,4,4,2486
4,10,9,5,2487
23,21,4,6,2488
18,23,2,10,2489
4,1,10,9,2490
24,23,3,5,2491
1,9,8,11,2492
9,24,8,7,2493
19,3,3,3,2494
15,4,4,4,2495
18,15,6,3,2496
18,13,10,8,2497
19,16,3,5,2498
3,9,4,2,2499
3,18,8,5,2500
13,15,8,7,2401
15,1,2,8,2402
14,19,10,5,2403
22,12,5,10,2404
18,12,2,4,2405
12,10,9,3,2406
22,7,10,9,2407
24,14,4,9,2408
14,17,3,4,2409
17,15,10,6,2410
