20,6,2,10,451
2,6,4,3,452
6,20,9,7,453
8,11,7,2,454
11,8,6,10,455
8,14,7,2,456
1,17,6,11,457
24,22,3,4,458
24,7,7,8,459
2,19,6,3,460
9,21,6,3,461
15,18,4,11,462
5,16,3,9,463
5,17,4,9,464
10,19,5,10,465
7,1,10,10,466
15,11,4,9,467
1,18,7,2,468
10,11,2,4,469
1,16,3,7,470
4,12,4,5,471
6,7,9,6,472
19,12,2,4,473
14,13,5,9,474
1,16,3,10,475
24,5,9,8,476
8,2,8,10,477
17,3,2,6,478
5,6,9,6,479
21,5,10,9,480
14,16,4,5,481
5,17,3,7,482
17,24,9,10,483
22,24,5,4,484
20,8,10,2,485
21,23,5,4,486
3,4,6,5,487
9,21,9,5,488
5,8,4,3,489
19,9,5,11,490
17,11,7,11,491
2,18,3,10,492
10,9,5,6,493
2,8,3,3,494
4,5,7,9,495
3,8,2,3,496
13,5,9,5,497
4,22,8,2,498
15,10,3,6,499
18,14,8,6,500
24,16,2,7,401
6,7,3,7,402
15,12,3,11,403
9,21,7,11,404
4,16,7,5,405
17,20,2,2,406
23,5,5,8,407
20,9,7,10,408
6,16,10,6,409
13,12,7,2,410
