22,7,6,6,4051
24,15,4,10,4052
18,14,3,9,4053
9,18,5,2,4054
18,7,6,4,4055
3,2,6,2,4056
5,24,3,9,4057
5,21,10,10,4058
20,13,3,4,4059
9,24,9,9,4060
12,16,7,11,4061
13,23,8,9,4062
3,15,8,8,4063
24,18,10,10,4064
14,23,9,8,4065
11,24,2,4,4066
16,4,4,6,4067
5,16,3,10,4068
13,10,2,11,4069
17,8,9,8,4070
1,18,4,8,4071
24,4,5,5,4072
3,10,2,6,4073
9,4,10,11,4074
20,5,6,8,4075
17,12,3,2,4076
4,5,6,7,4077
8,10,4,9,4078
20,4,6,3,4079
10,17,2,2,4080
11,1,9,5,4081
4,7,2,7,4082
1,11,9,5,4083
3,20,9,6,4084
4,24,10,3,4085
20,19,3,7,4086
19,13,7,10,4087
14,22,8,7,4088
15,16,6,9,4089
9,6,7,7,4090
11,14,10,9,4091
6,21,2,3,4092
10,16,2,7,4093
10,19,10,9,4094
16,19,4,2,4095
11,12,8,3,4096
3,9,4,8,4097
15,17,10,3,4098
6,13,6,10,4099
22,15,9,6,4100
5,11,9,9,4001
12,20,3,6,4002
14,15,9,6,4003
20,2,9,8,4004
11,17,8,11,4005
20,2,10,8,4006
16,9,9,3,4007
14,3,5,7,4008
23,10,7,8,4009
13,1,3,9,4010
