16,10,5,5,4651
7,19,3,9,4652
13,3,3,8,4653
7,10,2,9,4654
11,10,10,7,4655
2,18,2,9,4656
1,10,5,6,4657
13,11,3,7,4658
23,2,2,11,4659
16,1,5,4,4660
20,15,2,7,4661
10,22,9,5,4662
9,13,4,5,4663
11,15,5,3,4664
15,18,2,6,4665
5,3,3,10,4666
3,17,10,3,4667
16,4,2,2,4668
5,6,7,8,4669
22,17,6,7,4670
22,8,7,3,4671
17,5,8,8,4672
3,1,9,2,4673
23,17,8,11,4674
10,12,10,4,4675
6,14,5,3,4676
19,23,10,10,4677
4,23,4,11,4678
10,12,6,6,4679
11,24,7,9,4680
12,19,2,3,4681
19,14,4,9,4682
1,13,5,2,4683
1,7,6,8,4684
6,2,9,8,4685
23,8,2,8,4686
12,21,6,8,4687
18,23,6,6,4688
12,8,2,9,4689
18,19,5,11,4690
23,3,3,9,4691
2,14,5,5,4692
15,9,5,3,4693
16,23,6,11,4694
3,23,6,7,4695
18,5,3,7,4696
12,6,5,6,4697
23,13,8,8,4698
13,9,10,9,4699
1,4,9,7,4700
14,11,5,5,4601
5,14,7,3,4602
20,23,7,2,4603
6,2,7,8,4604
12,1,8,10,4605
21,17,8,6,4606
1,8,7,4,4607
2,17,4,2,4608
15,3,8,5,4609
1,22,10,4,4610
