10,12,6,11,2601
8,22,7,8,2602
7,2,8,7,2603
16,5,5,11,2604
14,2,8,8,2605
9,2,10,5,2606
17,4,3,4,2607
9,23,5,9,2608
14,23,4,10,2609
14,19,8,11,2610
4,16,6,10,2611
7,10,6,5,2612
2,17,4,11,2613
3,21,3,10,2614
17,7,7,8,2615
22,1,3,4,2616
21,8,8,8,2617
6,21,9,4,2618
8,20,8,11,2619
9,10,4,9,2620
4,5,10,7,2621
13,1,6,11,2622
6,22,6,9,2623
20,11,6,2,2624
7,20,9,7,2625
15,4,9,9,2626
1,3,5,4,2627
19,9,4,4,2628
10,1,5,10,2629
13,20,10,11,2630
7,4,6,5,2631
15,11,10,2,2632
14,19,10,8,2633
16,22,10,7,2634
5,23,3,8,2635
10,19,3,3,2636
21,24,4,3,2637
8,9,8,7,2638
23,14,2,4,2639
16,21,5,11,2640
22,20,5,3,2641
14,4,8,4,2642
18,20,7,2,2643
1,3,7,7,2644
17,18,3,10,2645
9,23,5,5,2646
14,12,5,6,2647
17,6,2,9,2648
12,4,7,5,2649
4,24,5,9,2650
16,9,7,6,2551
2,14,4,7,2552
12,20,7,10,2553
6,9,9,2,2554
14,3,10,2,2555
17,11,10,11,2556
14,7,8,8,2557
9,20,10,6,2558
20,7,7,10,2559
1,18,6,2,2560
