12,5,3,5,3951
10,12,9,7,3952
7,20,6,10,3953
24,14,7,6,3954
11,15,9,3,3955
11,6,3,7,3956
16,1,7,2,3957
3,7,2,2,3958
8,13,6,9,3959
16,4,10,3,3960
24,12,8,11,3961
3,6,2,8,3962
6,5,5,3,3963
5,8,5,11,3964
13,1,6,9,3965
5,17,3,2,3966
17,23,2,2,3967
17,6,4,4,3968
7,23,9,9,3969
12,4,2,5,3970
5,20,7,7,3971
7,12,8,2,3972
18,24,6,4,3973
6,21,7,3,3974
13,9,3,6,3975
23,15,6,8,3976
14,5,2,7,3977
23,2,8,7,3978
19,7,4,7,3979
16,18,5,9,3980
9,13,2,9,3981
22,11,8,9,3982
4,6,6,5,3983
13,20,9,9,3984
14,18,2,4,3985
15,20,8,5,3986
20,7,5,7,3987
13,3,3,8,3988
4,13,6,10,3989
17,4,10,7,3990
1,11,10,9,3991
19,16,5,8,3992
15,24,8,2,3993
18,24,8,9,3994
13,3,9,2,3995
22,2,8,9,3996
20,7,9,8,3997
4,17,9,6,3998
16,4,10,3,3999
21,16,4,2,4000
13,2,4,4,3901
6,24,9,11,3902
16,2,4,11,3903
2,4,2,8,3904
6,1,8,8,3905
14,20,5,3,3906
17,13,10,4,3907
16,1,4,3,3908
3,18,6,5,3909
18,15,2,11,3910
