24,16,10,7,401
6,7,10,7,402
15,12,8,11,403
9,21,6,11,404
4,16,8,5,405
17,20,10,2,406
23,5,7,8,407
20,9,3,10,408
6,16,7,6,409
13,12,8,2,410
11,19,3,5,411
4,1,3,6,412
16,18,9,3,413
18,3,5,3,414
14,18,7,9,415
24,15,8,9,416
20,2,2,8,417
18,23,9,6,418
13,18,3,9,419
6,13,3,10,420
16,17,10,9,421
14,20,5,7,422
6,19,4,6,423
20,14,7,6,424
20,11,4,6,425
10,22,10,9,426
5,17,4,11,427
9,14,5,5,428
10,12,7,11,429
5,23,4,3,430
15,1,7,5,431
8,18,4,11,432
23,15,3,5,433
15,8,9,6,434
2,11,4,11,435
16,17,6,4,436
16,13,5,5,437
11,1,3,7,438
2,14,6,2,439
22,24,4,6,440
16,14,8,3,441
8,13,9,9,442
15,8,3,8,443
1,16,8,4,444
12,10,2,10,445
13,23,9,9,446
24,23,9,8,447
4,2,6,6,448
4,19,3,2,449
20,3,5,8,450
4,6,7,10,351
21,11,8,7,352
23,18,4,7,353
6,17,3,6,354
2,7,2,5,355
3,21,8,3,356
19,2,3,11,357
3,6,6,10,358
15,2,4,8,359
12,5,9,3,360
