16,21,2,5,4351
18,8,5,4,4352
4,22,7,4,4353
13,17,2,9,4354
24,3,10,11,4355
14,11,5,9,4356
4,20,2,10,4357
13,19,9,5,4358
4,2,5,3,4359
9,3,10,6,4360
18,7,5,4,4361
23,9,7,9,4362
9,13,4,3,4363
5,2,2,6,4364
13,5,4,3,4365
5,20,9,4,4366
3,23,8,8,4367
1,21,2,6,4368
10,13,7,4,4369
6,22,7,8,4370
20,22,3,8,4371
5,2,9,3,4372
15,6,9,3,4373
6,14,3,3,4374
14,5,4,5,4375
22,14,5,5,4376
7,24,2,10,4377
7,16,5,5,4378
13,18,4,4,4379
2,15,9,11,4380
17,24,3,9,4381
11,7,6,11,4382
6,9,3,4,4383
15,3,3,3,4384
16,10,3,11,4385
5,11,4,9,4386
13,9,10,10,4387
1,3,5,10,4388
12,5,8,3,4389
7,2,8,7,4390
16,23,9,7,4391
18,21,6,6,4392
16,17,10,6,4393
15,8,2,10,4394
14,2,7,10,4395
19,8,8,5,4396
5,12,2,9,4397
6,19,9,6,4398
7,11,8,6,4399
23,8,10,2,4400
13,21,5,6,4301
19,2,8,4,4302
4,18,9,7,4303
21,10,9,9,4304
6,5,3,5,4305
21,7,4,10,4306
19,23,4,11,4307
18,12,7,3,4308
11,23,7,6,4309
24,8,3,5,4310
