9,21,2,9,1001
16,18,8,4,1002
1,10,9,7,1003
21,4,6,3,1004
5,14,9,11,1005
12,16,2,7,1006
11,16,3,3,1007
24,23,2,7,1008
17,12,10,4,1009
9,17,7,2,1010
13,10,2,10,1011
22,2,7,6,1012
22,23,10,9,1013
15,4,10,2,1014
3,18,4,3,1015
17,23,2,2,1016
9,24,10,10,1017
15,22,3,5,1018
11,19,8,4,1019
8,18,5,10,1020
3,10,10,8,1021
11,15,6,10,1022
6,21,6,2,1023
4,15,4,7,1024
17,1,2,10,1025
18,10,9,8,1026
13,14,7,9,1027
23,7,2,8,1028
16,4,8,4,1029
12,19,8,11,1030
10,2,7,3,1031
17,5,8,8,1032
21,8,6,6,1033
23,9,2,2,1034
20,6,5,11,1035
16,11,4,9,1036
1,19,10,10,1037
24,13,3,10,1038
7,19,2,10,1039
8,20,5,8,1040
13,3,10,7,1041
22,23,2,3,1042
9,4,3,7,1043
10,7,4,5,1044
15,7,2,3,1045
12,10,8,4,1046
2,24,5,7,1047
14,8,2,5,1048
13,24,2,9,1049
2,24,3,4,1050
11,5,10,10,951
17,2,5,5,952
15,8,5,4,953
8,6,4,2,954
9,19,7,2,955
6,15,8,7,956
21,6,4,7,957
21,13,2,7,958
12,9,8,10,959
24,23,6,3,960
