16,23,6,2,3701
6,2,7,3,3702
3,10,8,9,3703
1,10,7,7,3704
17,9,5,4,3705
22,18,10,10,3706
23,19,2,5,3707
16,5,2,9,3708
13,16,5,6,3709
17,11,8,2,3710
15,16,6,9,3711
18,6,4,8,3712
8,3,4,6,3713
16,8,6,10,3714
18,14,7,3,3715
9,6,8,7,3716
23,7,4,5,3717
12,8,8,2,3718
16,18,4,10,3719
6,2,4,7,3720
5,17,2,2,3721
6,18,7,7,3722
24,11,5,7,3723
2,12,8,2,3724
2,23,6,11,3725
20,16,9,2,3726
8,23,3,7,3727
3,14,10,11,3728
7,15,3,7,3729
3,16,3,11,3730
14,15,6,6,3731
20,11,4,10,3732
16,18,6,8,3733
14,4,2,11,3734
9,1,7,4,3735
23,18,5,3,3736
24,13,6,10,3737
19,22,7,5,3738
10,22,3,10,3739
1,22,4,5,3740
11,15,8,6,3741
8,12,4,11,3742
9,8,4,5,3743
18,12,4,2,3744
19,16,5,8,3745
3,11,3,9,3746
3,14,10,8,3747
5,15,10,11,3748
1,3,10,11,3749
15,1,10,3,3750
23,11,10,4,3651
6,10,7,8,3652
12,17,2,2,3653
3,14,4,11,3654
6,10,9,2,3655
24,12,4,8,3656
21,7,6,11,3657
7,14,10,4,3658
3,14,7,9,3659
3,21,2,2,3660
