3,12,8,3,2251
8,11,3,3,2252
13,17,5,5,2253
19,6,9,3,2254
5,21,7,2,2255
22,6,5,9,2256
7,11,10,8,2257
14,1,7,3,2258
14,10,2,9,2259
3,22,7,6,2260
22,24,6,10,2261
3,16,4,9,2262
2,16,5,9,2263
19,4,7,2,2264
24,19,2,7,2265
5,3,3,7,2266
17,1,8,9,2267
24,4,5,11,2268
20,2,8,11,2269
2,22,4,10,2270
2,4,3,11,2271
24,23,9,9,2272
10,22,9,8,2273
24,21,9,8,2274
22,13,4,3,2275
21,19,4,6,2276
19,11,8,9,2277
16,17,6,2,2278
10,11,6,4,2279
22,15,9,10,2280
14,10,9,8,2281
21,14,2,2,2282
2,7,4,6,2283
11,3,3,9,2284
24,6,3,4,2285
17,18,4,8,2286
4,16,4,7,2287
17,2,4,10,2288
2,16,2,5,2289
4,14,10,6,2290
18,7,3,11,2291
5,3,7,2,2292
13,18,10,11,2293
9,11,6,4,2294
7,19,3,11,2295
1,19,4,7,2296
13,14,9,2,2297
2,20,6,9,2298
2,21,6,7,2299
18,1,9,4,2300
3,17,4,3,2201
21,20,5,11,2202
6,14,3,2,2203
16,4,9,5,2204
5,7,10,2,2205
16,3,7,8,2206
24,12,5,6,2207
15,1,8,11,2208
6,20,3,6,2209
16,22,3,8,2210
