4,8,2,5,4701
13,3,5,6,4702
1,23,2,3,4703
10,7,3,5,4704
19,16,3,6,4705
4,8,3,11,4706
9,5,8,10,4707
12,23,6,3,4708
12,10,8,10,4709
18,4,6,7,4710
5,14,6,5,4711
23,24,4,10,4712
16,3,4,8,4713
13,7,7,10,4714
12,19,10,2,4715
1,3,2,8,4716
13,11,5,8,4717
16,6,5,8,4718
22,21,4,6,4719
19,24,5,5,4720
11,17,10,2,4721
10,17,7,4,4722
18,1,10,5,4723
15,23,6,9,4724
11,21,6,8,4725
21,15,9,8,4726
15,4,3,10,4727
12,18,2,8,4728
23,16,4,9,4729
5,17,7,6,4730
24,6,4,8,4731
13,6,2,8,4732
12,5,5,7,4733
8,14,5,2,4734
10,19,5,4,4735
23,11,7,9,4736
7,13,5,9,4737
14,18,3,4,4738
19,4,10,11,4739
16,11,9,10,4740
7,18,7,7,4741
21,9,9,3,4742
22,23,3,11,4743
13,24,9,10,4744
16,8,5,7,4745
4,18,10,6,4746
21,11,2,8,4747
2,18,6,9,4748
13,3,2,11,4749
8,11,3,4,4750
2,14,7,5,4651
20,6,3,9,4652
22,15,2,8,4653
24,14,9,7,4654
19,21,4,7,4655
8,17,4,3,4656
20,13,8,7,4657
4,17,2,4,4658
18,15,3,4,4659
3,20,2,10,4660
