23,19,7,10,1051
21,16,5,6,1052
8,7,8,5,1053
5,10,2,3,1054
21,19,4,3,1055
20,15,2,7,1056
17,8,10,9,1057
9,14,3,11,1058
14,19,5,9,1059
20,13,8,11,1060
20,21,10,6,1061
21,4,8,4,1062
19,5,8,7,1063
6,20,4,8,1064
14,6,7,4,1065
5,2,5,3,1066
13,6,9,4,1067
24,16,4,5,1068
20,24,2,11,1069
11,10,7,9,1070
14,5,3,6,1071
9,22,8,7,1072
23,15,9,8,1073
8,24,2,8,1074
18,21,7,5,1075
11,9,3,7,1076
16,5,6,10,1077
13,17,2,5,1078
3,16,4,2,1079
9,17,6,8,1080
12,14,6,3,1081
16,21,7,3,1082
15,1,9,4,1083
22,19,2,2,1084
21,20,6,2,1085
4,8,6,7,1086
10,14,8,2,1087
7,4,10,10,1088
9,10,8,2,1089
8,13,3,11,1090
6,3,2,3,1091
9,17,4,8,1092
7,21,7,4,1093
12,4,10,6,1094
15,11,7,9,1095
10,9,2,7,1096
19,2,6,5,1097
22,19,8,9,1098
2,4,3,8,1099
18,7,4,11,1100
9,21,7,9,1001
16,18,5,4,1002
1,10,10,7,1003
21,4,9,3,1004
5,14,10,11,1005
12,16,5,7,1006
11,16,8,3,1007
24,23,6,7,1008
17,12,3,4,1009
9,17,6,2,1010
