8,15,10,6,4901
14,9,6,8,4902
19,10,3,4,4903
16,24,3,10,4904
8,6,8,4,4905
8,22,7,7,4906
11,9,7,7,4907
16,13,10,5,4908
6,14,2,7,4909
20,24,3,6,4910
3,15,5,4,4911
15,16,4,9,4912
14,19,4,3,4913
17,16,6,11,4914
21,22,5,6,4915
23,1,9,9,4916
15,7,5,7,4917
9,1,6,7,4918
4,19,3,10,4919
2,24,7,2,4920
1,24,8,4,4921
6,23,2,11,4922
5,3,9,7,4923
7,6,10,4,4924
5,21,8,9,4925
14,22,9,9,4926
3,16,7,4,4927
4,12,10,8,4928
2,6,6,3,4929
21,11,6,10,4930
23,22,7,4,4931
15,19,7,11,4932
7,24,2,5,4933
9,18,6,8,4934
13,9,7,9,4935
17,1,5,7,4936
17,20,5,10,4937
3,14,5,8,4938
8,18,7,9,4939
14,15,7,2,4940
5,7,9,6,4941
11,5,7,10,4942
3,22,4,5,4943
12,1,2,6,4944
13,15,9,11,4945
23,10,4,10,4946
17,16,6,11,4947
6,11,3,6,4948
14,24,6,3,4949
20,12,7,5,4950
4,20,8,3,4851
2,13,3,4,4852
7,1,6,6,4853
20,7,4,9,4854
11,13,10,4,4855
4,16,3,2,4856
21,1,4,9,4857
17,5,2,7,4858
2,15,6,8,4859
9,23,9,5,4860
