12,14,10,7,951
3,6,9,9,952
12,20,4,6,953
3,4,8,7,954
12,21,6,10,955
14,15,4,7,956
3,13,6,10,957
7,21,8,2,958
23,21,9,8,959
9,20,6,2,960
1,3,5,4,961
11,19,6,8,962
23,10,8,2,963
24,14,6,7,964
11,6,5,8,965
24,20,5,11,966
8,14,2,4,967
18,13,5,10,968
17,4,2,11,969
23,12,3,3,970
19,21,2,5,971
6,20,9,8,972
21,2,10,7,973
12,4,2,3,974
3,15,8,10,975
22,2,9,2,976
22,1,4,11,977
21,6,10,9,978
8,12,6,11,979
20,15,8,6,980
23,1,6,10,981
1,12,3,10,982
2,14,2,5,983
15,12,7,5,984
3,5,9,2,985
11,12,10,7,986
1,10,3,8,987
23,5,10,7,988
8,20,6,8,989
12,9,4,8,990
16,12,10,8,991
17,14,4,7,992
1,8,6,5,993
11,9,4,7,994
13,17,3,3,995
21,6,10,7,996
18,15,6,9,997
19,22,7,3,998
7,16,3,3,999
8,6,9,4,1000
5,7,4,5,901
22,7,10,3,902
1,10,10,2,903
8,16,5,4,904
18,17,2,7,905
19,15,5,10,906
2,7,5,6,907
16,14,2,2,908
24,22,6,2,909
17,24,4,11,910
