16,9,5,6,2551
2,14,8,7,2552
12,20,10,10,2553
6,9,5,2,2554
14,3,2,2,2555
17,11,9,11,2556
14,7,7,8,2557
9,20,9,6,2558
20,7,4,10,2559
1,18,2,2,2560
8,3,7,6,2561
21,20,6,5,2562
22,4,2,6,2563
20,14,7,6,2564
4,5,3,6,2565
3,14,4,10,2566
1,12,4,4,2567
8,12,9,2,2568
22,15,3,5,2569
8,3,10,2,2570
4,23,8,5,2571
10,12,9,4,2572
4,17,5,9,2573
22,5,5,11,2574
13,24,2,8,2575
9,17,9,10,2576
19,20,4,5,2577
15,22,5,2,2578
19,1,3,11,2579
9,7,5,6,2580
14,9,10,10,2581
13,3,2,9,2582
14,17,5,9,2583
20,24,8,2,2584
20,19,7,4,2585
22,4,5,2,2586
5,2,3,4,2587
5,1,7,4,2588
14,7,8,2,2589
21,3,9,8,2590
5,6,10,5,2591
3,17,10,6,2592
23,11,4,7,2593
7,18,5,10,2594
5,15,3,11,2595
17,15,2,2,2596
13,20,3,6,2597
13,19,8,2,2598
17,24,7,5,2599
6,7,5,6,2600
4,2,4,9,2501
8,14,10,8,2502
17,3,6,5,2503
13,7,8,8,2504
12,2,3,9,2505
16,7,6,8,2506
23,15,3,3,2507
21,16,4,2,2508
7,1,5,11,2509
4,21,9,5,2510
