21,2,6,3,751
18,3,8,7,752
3,18,2,3,753
15,10,2,8,754
24,20,8,10,755
11,21,6,4,756
6,12,10,2,757
18,19,9,7,758
7,16,6,7,759
5,20,3,4,760
23,16,9,5,761
4,18,5,6,762
9,21,6,3,763
5,3,8,4,764
21,12,6,4,765
22,5,3,4,766
20,13,6,5,767
16,19,8,3,768
7,11,6,3,769
22,10,5,6,770
14,8,7,11,771
4,9,3,7,772
20,11,7,3,773
13,2,10,9,774
9,7,9,8,775
7,6,9,6,776
12,20,4,2,777
24,22,9,3,778
19,14,3,8,779
21,8,3,2,780
11,2,4,2,781
6,11,9,3,782
23,16,9,10,783
1,4,3,8,784
16,20,8,2,785
10,2,2,6,786
4,23,9,2,787
9,18,7,2,788
24,20,9,3,789
1,24,4,7,790
11,13,7,8,791
6,10,10,7,792
5,8,7,9,793
1,24,7,4,794
10,17,10,10,795
1,17,8,2,796
12,21,10,6,797
1,19,9,11,798
9,7,2,9,799
14,8,9,5,800
15,9,9,4,701
5,22,2,10,702
14,8,10,9,703
16,9,9,3,704
17,15,6,7,705
10,18,3,7,706
12,15,2,10,707
8,6,2,9,708
1,24,2,7,709
18,22,8,5,710
