3,17,6,7,2651
12,22,7,11,2652
11,10,3,9,2653
7,1,3,7,2654
2,13,6,8,2655
18,9,9,7,2656
13,3,7,9,2657
3,24,5,10,2658
13,14,7,10,2659
17,1,5,11,2660
5,4,9,7,2661
16,24,10,5,2662
16,7,2,2,2663
16,1,9,9,2664
14,8,9,3,2665
2,6,10,4,2666
23,21,5,3,2667
24,6,7,7,2668
17,18,10,11,2669
19,5,8,8,2670
4,3,2,10,2671
11,6,4,2,2672
22,21,2,2,2673
9,18,2,4,2674
4,9,9,5,2675
22,23,9,4,2676
12,11,5,6,2677
4,23,3,9,2678
14,17,2,5,2679
17,12,2,11,2680
24,4,7,7,2681
10,14,10,11,2682
23,3,7,7,2683
3,5,8,3,2684
6,13,10,9,2685
6,14,10,5,2686
11,10,2,3,2687
13,14,5,2,2688
16,17,10,3,2689
8,4,4,3,2690
9,17,7,9,2691
24,16,5,4,2692
8,6,9,10,2693
24,12,5,7,2694
13,21,6,8,2695
1,17,5,3,2696
16,12,8,4,2697
19,1,6,7,2698
8,5,6,4,2699
15,13,5,6,2700
22,21,5,11,2601
21,7,2,11,2602
8,24,7,3,2603
5,10,4,2,2604
7,20,7,10,2605
6,21,3,2,2606
15,11,8,2,2607
4,3,2,7,2608
6,14,5,4,2609
2,9,6,7,2610
