21,4,8,7,3551
4,20,8,7,3552
3,2,10,9,3553
11,5,6,6,3554
14,3,5,11,3555
21,11,6,8,3556
17,3,9,5,3557
21,16,6,6,3558
24,2,10,2,3559
6,15,9,4,3560
17,19,7,6,3561
18,21,8,6,3562
19,15,7,11,3563
13,10,6,10,3564
16,9,5,4,3565
18,15,2,4,3566
14,21,2,2,3567
15,9,3,10,3568
17,3,9,7,3569
9,2,6,9,3570
22,13,3,11,3571
24,23,8,8,3572
21,3,8,3,3573
8,7,8,2,3574
6,16,2,11,3575
1,6,8,7,3576
1,12,3,8,3577
16,6,4,6,3578
19,7,10,6,3579
23,24,4,5,3580
2,21,8,4,3581
5,10,7,6,3582
22,10,7,9,3583
16,5,2,8,3584
1,19,9,3,3585
8,17,2,3,3586
18,4,6,8,3587
23,12,7,10,3588
22,1,10,7,3589
5,8,6,10,3590
17,2,9,6,3591
16,10,9,9,3592
16,12,9,5,3593
21,13,10,6,3594
16,13,9,4,3595
14,11,2,4,3596
12,1,5,5,3597
3,4,6,2,3598
3,8,3,2,3599
12,7,8,5,3600
21,8,10,6,3501
20,22,2,7,3502
24,4,10,3,3503
19,3,3,9,3504
21,11,7,10,3505
23,17,8,6,3506
2,14,4,11,3507
7,13,2,3,3508
17,13,9,8,3509
23,7,8,3,3510
