10,21,6,4,3801
4,14,5,4,3802
24,18,6,8,3803
7,20,2,4,3804
13,1,10,4,3805
10,24,7,10,3806
11,19,5,11,3807
4,11,9,7,3808
24,11,9,6,3809
14,22,7,9,3810
19,13,8,6,3811
13,20,3,7,3812
12,23,6,10,3813
9,12,5,5,3814
8,11,10,10,3815
19,17,9,5,3816
14,12,6,6,3817
13,19,7,10,3818
23,24,5,2,3819
22,21,4,8,3820
13,21,5,10,3821
19,16,7,9,3822
8,4,2,7,3823
20,14,4,6,3824
19,22,6,11,3825
6,15,6,10,3826
1,5,2,11,3827
19,10,4,2,3828
10,24,2,11,3829
1,23,8,2,3830
18,14,4,5,3831
19,3,7,3,3832
19,5,4,10,3833
11,13,5,5,3834
13,19,4,4,3835
24,3,9,10,3836
14,11,7,6,3837
4,18,6,5,3838
16,12,5,5,3839
15,20,6,9,3840
22,12,9,6,3841
5,17,10,2,3842
4,20,6,11,3843
6,14,5,4,3844
18,14,9,2,3845
21,20,2,4,3846
10,17,3,3,3847
4,11,5,11,3848
11,7,5,6,3849
4,16,3,6,3850
10,18,4,9,3751
19,22,5,11,3752
1,10,3,2,3753
8,22,8,3,3754
1,14,8,11,3755
6,11,3,3,3756
10,3,7,6,3757
8,18,9,9,3758
16,17,9,6,3759
20,22,10,4,3760
