22,10,6,9,4151
15,24,6,4,4152
11,18,10,4,4153
20,2,8,4,4154
1,11,5,11,4155
13,15,7,9,4156
23,11,5,9,4157
16,3,5,9,4158
23,7,7,2,4159
10,2,7,4,4160
18,11,10,9,4161
16,10,3,6,4162
24,17,9,5,4163
5,15,9,3,4164
14,3,2,6,4165
8,1,9,9,4166
1,3,3,9,4167
2,11,10,10,4168
22,11,6,7,4169
18,6,6,6,4170
22,6,2,6,4171
3,11,7,2,4172
12,2,10,3,4173
9,2,6,8,4174
4,8,3,8,4175
7,12,5,4,4176
9,15,4,11,4177
9,18,6,9,4178
8,13,7,2,4179
11,17,3,3,4180
15,11,6,7,4181
5,13,2,11,4182
15,14,8,2,4183
17,3,2,9,4184
4,22,4,5,4185
23,4,8,8,4186
17,6,10,11,4187
14,24,2,5,4188
8,18,3,4,4189
17,23,10,10,4190
2,15,3,6,4191
19,24,10,7,4192
16,14,8,9,4193
16,9,7,3,4194
23,19,7,4,4195
21,20,2,4,4196
11,2,2,10,4197
4,2,2,5,4198
21,16,9,3,4199
24,11,3,2,4200
11,7,3,10,4101
4,13,3,6,4102
17,11,10,8,4103
17,15,8,5,4104
9,22,9,5,4105
6,7,4,9,4106
18,23,6,9,4107
15,6,10,9,4108
9,15,7,6,4109
1,21,4,9,4110
