21,11,4,4,3001
10,19,10,3,3002
10,17,5,8,3003
9,14,2,6,3004
16,13,3,6,3005
7,19,5,7,3006
11,1,2,8,3007
19,5,2,3,3008
22,14,2,3,3009
3,4,6,11,3010
13,12,2,7,3011
9,4,4,5,3012
5,12,4,2,3013
20,4,8,7,3014
20,8,8,6,3015
12,20,4,7,3016
9,8,2,11,3017
9,5,2,6,3018
12,8,2,9,3019
12,2,5,7,3020
23,11,7,5,3021
11,14,7,8,3022
20,5,6,2,3023
17,16,3,2,3024
11,8,8,2,3025
13,24,3,11,3026
19,1,5,6,3027
13,22,4,10,3028
6,17,4,2,3029
24,9,10,8,3030
24,6,4,7,3031
10,15,3,9,3032
5,3,9,8,3033
6,8,10,4,3034
20,3,4,8,3035
1,19,9,11,3036
12,7,8,3,3037
13,11,3,5,3038
13,20,9,6,3039
7,5,9,6,3040
11,6,2,7,3041
16,8,5,11,3042
13,20,2,11,3043
6,4,4,10,3044
10,8,9,4,3045
19,4,5,9,3046
2,9,4,7,3047
8,7,10,3,3048
18,13,6,7,3049
23,3,10,11,3050
15,23,9,10,2951
14,8,10,5,2952
14,13,4,8,2953
2,12,6,9,2954
18,19,4,5,2955
9,8,2,2,2956
13,21,9,3,2957
16,24,3,2,2958
10,5,7,3,2959
21,24,3,9,2960
