8,6,5,5,4951
3,18,2,3,4952
8,20,2,4,4953
14,4,8,9,4954
9,21,3,5,4955
14,7,5,5,4956
3,5,6,2,4957
1,4,8,4,4958
24,8,8,6,4959
10,4,8,11,4960
21,13,3,11,4961
20,11,6,4,4962
7,11,3,2,4963
16,11,10,3,4964
23,6,8,11,4965
11,16,3,10,4966
10,16,6,4,4967
13,23,2,7,4968
18,15,5,6,4969
12,17,8,11,4970
20,4,10,4,4971
16,12,2,7,4972
18,7,4,8,4973
14,7,5,5,4974
14,3,9,5,4975
14,10,2,10,4976
19,13,6,9,4977
21,11,10,7,4978
3,17,7,3,4979
18,23,8,2,4980
24,2,9,9,4981
8,3,10,7,4982
22,8,4,8,4983
2,22,4,5,4984
1,19,2,7,4985
22,6,7,2,4986
10,8,4,8,4987
4,8,7,4,4988
18,10,2,9,4989
12,24,3,2,4990
14,10,3,2,4991
12,4,3,2,4992
13,22,6,9,4993
23,19,7,4,4994
7,12,7,10,4995
5,23,9,10,4996
13,1,7,5,4997
21,1,8,10,4998
20,23,8,9,4999
3,5,8,8,5000
8,15,8,6,4901
14,9,2,8,4902
19,10,10,4,4903
16,24,9,10,4904
8,6,2,4,4905
8,22,9,7,4906
11,9,10,7,4907
16,13,5,5,4908
6,14,8,7,4909
20,24,2,6,4910
