8,13,8,11,1601
17,9,9,4,1602
8,7,4,2,1603
11,5,10,2,1604
16,6,4,9,1605
2,12,7,6,1606
16,2,7,8,1607
11,3,8,6,1608
14,13,3,2,1609
8,24,2,2,1610
2,22,7,10,1611
20,17,7,5,1612
14,21,2,3,1613
10,13,3,7,1614
9,22,5,7,1615
17,1,4,9,1616
6,19,8,8,1617
7,13,10,11,1618
18,19,7,2,1619
12,6,9,7,1620
1,21,4,6,1621
9,6,7,11,1622
6,14,3,7,1623
16,10,6,8,1624
17,19,3,3,1625
23,17,10,11,1626
9,20,9,5,1627
24,7,2,3,1628
7,11,4,9,1629
9,6,4,10,1630
8,13,5,3,1631
16,24,10,3,1632
23,5,4,6,1633
3,13,5,4,1634
20,23,10,7,1635
7,22,3,5,1636
14,15,4,11,1637
2,20,5,4,1638
17,13,4,4,1639
15,2,2,4,1640
15,6,5,4,1641
22,14,3,5,1642
18,11,2,2,1643
9,21,9,2,1644
18,6,9,10,1645
7,1,7,3,1646
15,10,2,10,1647
4,6,3,10,1648
5,18,6,11,1649
20,14,10,6,1650
8,17,5,4,1551
8,24,7,10,1552
2,18,9,6,1553
20,15,10,10,1554
12,4,9,8,1555
6,16,8,10,1556
16,5,10,2,1557
10,7,4,11,1558
16,10,4,7,1559
20,9,9,2,1560
