21,8,3,6,3501
20,22,10,7,3502
24,4,4,3,3503
19,3,6,9,3504
21,11,4,10,3505
23,17,9,6,3506
2,14,10,11,3507
7,13,5,3,3508
17,13,7,8,3509
23,7,4,3,3510
20,24,10,11,3511
9,16,4,9,3512
24,10,3,5,3513
1,7,5,8,3514
19,18,10,7,3515
6,3,9,11,3516
19,8,10,2,3517
12,2,10,9,3518
19,18,4,4,3519
14,6,5,6,3520
1,16,3,10,3521
23,15,10,9,3522
4,16,3,8,3523
23,20,6,2,3524
5,20,5,9,3525
21,22,7,3,3526
17,6,4,9,3527
9,7,10,11,3528
19,23,9,10,3529
4,20,3,8,3530
1,2,10,2,3531
7,8,9,9,3532
12,17,8,9,3533
2,24,2,2,3534
23,14,3,7,3535
15,1,4,6,3536
2,21,7,10,3537
20,5,5,9,3538
12,8,9,2,3539
3,12,10,5,3540
23,6,2,5,3541
24,4,10,2,3542
3,22,4,2,3543
7,16,9,2,3544
12,7,6,10,3545
8,21,6,7,3546
14,19,2,5,3547
2,1,9,10,3548
15,7,4,2,3549
6,12,10,7,3550
22,1,10,8,3451
12,18,10,5,3452
8,10,10,6,3453
1,17,6,9,3454
22,15,2,10,3455
6,23,7,3,3456
6,4,2,4,3457
10,23,3,6,3458
19,15,7,10,3459
8,21,8,2,3460
