16,11,2,2,301
9,8,3,11,302
11,14,5,10,303
23,14,7,4,304
12,18,8,10,305
3,18,6,9,306
19,22,5,8,307
22,8,4,7,308
4,2,8,11,309
15,20,6,9,310
16,8,7,10,311
15,2,6,4,312
10,21,6,7,313
21,4,2,6,314
21,8,9,2,315
11,3,9,10,316
17,18,10,7,317
3,21,5,4,318
8,10,6,2,319
4,24,2,4,320
17,12,7,2,321
4,12,2,11,322
1,3,6,4,323
21,22,2,4,324
10,19,2,10,325
8,1,10,5,326
14,12,7,11,327
12,16,5,7,328
7,12,4,7,329
7,1,4,2,330
20,9,8,7,331
18,16,4,7,332
9,3,5,7,333
7,9,5,8,334
9,4,7,3,335
23,3,5,5,336
1,2,4,2,337
11,18,8,4,338
5,1,6,11,339
11,17,7,3,340
24,15,2,7,341
20,23,5,5,342
3,24,10,8,343
14,19,2,9,344
7,13,8,2,345
3,6,10,8,346
24,1,2,4,347
2,4,5,11,348
1,7,7,3,349
18,9,3,8,350
17,7,8,10,251
9,22,10,5,252
8,6,2,10,253
11,19,9,3,254
19,15,7,8,255
10,20,5,9,256
20,7,10,2,257
17,21,10,8,258
20,19,2,6,259
6,21,9,2,260
