1,21,6,3,3401
2,22,10,10,3402
14,16,7,11,3403
8,7,4,11,3404
15,16,10,9,3405
3,12,6,4,3406
7,3,6,6,3407
2,1,10,4,3408
9,22,6,5,3409
13,24,5,3,3410
4,13,3,4,3411
23,24,8,8,3412
16,10,10,3,3413
22,2,2,7,3414
18,7,7,8,3415
18,19,2,6,3416
15,12,4,7,3417
21,24,10,6,3418
11,20,7,6,3419
4,16,10,5,3420
3,10,2,9,3421
22,18,9,8,3422
20,13,7,9,3423
1,17,2,5,3424
14,5,3,11,3425
11,16,2,7,3426
16,24,3,10,3427
3,22,10,6,3428
20,15,5,5,3429
12,4,6,2,3430
21,10,3,7,3431
7,6,5,3,3432
6,10,2,7,3433
2,23,3,7,3434
22,15,8,6,3435
12,22,4,6,3436
5,1,6,5,3437
12,21,3,5,3438
8,20,3,11,3439
11,2,10,5,3440
11,14,7,5,3441
14,7,5,8,3442
6,23,5,7,3443
13,15,10,5,3444
24,11,6,5,3445
12,14,9,6,3446
23,9,8,8,3447
16,9,9,9,3448
3,23,3,2,3449
18,23,3,5,3450
7,17,10,8,3351
11,22,9,9,3352
19,21,3,7,3353
16,9,3,6,3354
19,7,7,8,3355
9,24,5,6,3356
1,8,10,11,3357
11,1,7,4,3358
9,15,8,7,3359
17,15,7,10,3360
