12,24,3,10,3851
11,3,6,3,3852
16,2,6,4,3853
6,22,9,8,3854
23,9,8,7,3855
14,12,2,4,3856
22,9,3,11,3857
11,6,6,5,3858
20,1,9,2,3859
12,24,5,6,3860
23,19,2,8,3861
8,23,4,4,3862
21,11,7,4,3863
24,14,4,9,3864
2,14,7,4,3865
12,16,5,11,3866
5,22,7,2,3867
4,22,3,8,3868
5,13,7,11,3869
17,16,2,8,3870
12,22,9,4,3871
16,13,6,11,3872
14,7,4,10,3873
4,23,4,8,3874
11,15,7,4,3875
18,5,3,11,3876
18,11,7,3,3877
6,18,7,4,3878
10,5,10,7,3879
4,9,9,10,3880
13,10,8,7,3881
4,21,6,5,3882
9,11,3,7,3883
24,8,5,4,3884
24,22,6,8,3885
11,12,7,8,3886
24,11,3,7,3887
13,8,7,11,3888
20,24,4,3,3889
8,3,7,5,3890
6,11,3,10,3891
14,6,4,7,3892
4,15,4,6,3893
13,5,7,7,3894
9,10,2,11,3895
12,16,5,7,3896
22,6,10,8,3897
2,3,9,9,3898
2,12,7,3,3899
5,17,9,8,3900
10,21,8,4,3801
4,14,10,4,3802
24,18,5,8,3803
7,20,9,4,3804
13,1,7,4,3805
10,24,9,10,3806
11,19,3,11,3807
4,11,8,7,3808
24,11,7,6,3809
14,22,6,9,3810
