21,15,6,3,701
8,6,6,11,702
13,16,10,3,703
11,2,4,8,704
21,22,8,9,705
17,15,10,7,706
8,20,4,10,707
20,1,7,5,708
13,1,3,11,709
11,16,8,4,710
13,9,7,2,711
1,4,2,9,712
7,8,2,6,713
20,1,6,9,714
2,11,7,3,715
3,2,2,5,716
16,6,10,7,717
7,6,9,8,718
15,2,3,11,719
9,24,4,4,720
6,9,9,6,721
23,3,9,9,722
20,6,2,10,723
5,8,6,6,724
12,18,7,6,725
11,15,7,5,726
12,8,3,7,727
5,18,6,2,728
23,12,4,11,729
17,13,6,10,730
4,17,2,9,731
21,16,8,4,732
9,8,7,11,733
9,12,6,5,734
7,12,6,9,735
12,22,3,3,736
15,4,9,4,737
20,22,6,11,738
6,17,6,7,739
20,23,6,9,740
10,8,10,10,741
23,4,5,3,742
4,10,10,8,743
21,10,4,10,744
1,9,2,4,745
19,15,4,4,746
16,9,5,2,747
10,14,7,4,748
7,24,7,11,749
9,6,2,5,750
20,12,3,3,651
17,7,6,6,652
19,14,3,4,653
18,2,3,8,654
23,4,7,4,655
24,23,10,5,656
4,14,4,5,657
9,11,10,2,658
4,9,2,3,659
7,24,10,3,660
