5,22,4,4,1351
9,17,10,10,1352
21,23,2,6,1353
20,15,10,7,1354
14,21,7,7,1355
22,23,10,4,1356
14,13,5,4,1357
16,7,8,9,1358
20,2,6,11,1359
14,9,6,10,1360
10,19,2,3,1361
8,19,9,6,1362
2,11,10,11,1363
23,20,8,2,1364
11,8,5,3,1365
20,1,8,4,1366
3,20,9,2,1367
23,2,7,9,1368
14,3,6,5,1369
2,21,7,8,1370
9,14,5,2,1371
8,7,2,9,1372
1,19,4,6,1373
22,7,7,2,1374
12,21,5,6,1375
6,21,5,10,1376
17,12,7,4,1377
24,21,3,5,1378
6,22,4,7,1379
23,18,5,11,1380
15,6,3,2,1381
20,10,6,2,1382
10,14,9,6,1383
14,23,7,8,1384
15,14,3,9,1385
9,15,4,3,1386
20,19,8,7,1387
17,6,9,11,1388
18,14,5,2,1389
1,20,4,2,1390
7,15,3,10,1391
15,5,8,11,1392
14,19,2,8,1393
10,24,6,7,1394
17,21,7,11,1395
1,5,3,4,1396
3,10,2,10,1397
20,19,2,7,1398
5,9,8,5,1399
19,8,7,6,1400
22,7,8,11,1301
23,14,6,8,1302
20,11,8,7,1303
1,7,7,9,1304
2,14,4,2,1305
15,23,6,9,1306
14,11,6,4,1307
4,21,10,11,1308
7,3,3,7,1309
13,16,2,6,1310
