24,21,9,7,2351
12,21,2,5,2352
11,16,4,10,2353
13,4,7,2,2354
7,10,3,3,2355
18,17,8,9,2356
11,24,6,9,2357
22,17,6,11,2358
13,2,4,7,2359
4,8,5,3,2360
11,20,4,6,2361
21,5,2,6,2362
5,15,3,9,2363
17,5,2,3,2364
17,16,8,8,2365
1,2,8,3,2366
20,18,8,2,2367
3,21,7,9,2368
22,4,7,7,2369
6,19,4,10,2370
4,16,10,7,2371
11,2,4,10,2372
20,22,2,9,2373
4,2,8,8,2374
16,20,7,4,2375
9,4,8,10,2376
20,10,7,3,2377
7,8,3,11,2378
8,3,3,9,2379
17,6,3,9,2380
8,10,8,10,2381
12,23,10,7,2382
9,20,2,7,2383
15,21,10,7,2384
22,8,4,4,2385
22,17,9,3,2386
6,18,6,8,2387
24,12,3,9,2388
19,6,10,8,2389
16,13,2,3,2390
10,13,5,4,2391
14,17,10,9,2392
18,3,10,5,2393
20,15,4,5,2394
19,4,8,11,2395
24,14,3,8,2396
17,24,4,7,2397
8,4,10,5,2398
14,7,10,9,2399
23,2,4,2,2400
20,5,3,7,2301
8,23,5,9,2302
18,13,10,3,2303
2,22,5,7,2304
8,2,10,3,2305
7,1,5,9,2306
23,8,8,11,2307
19,20,6,7,2308
18,17,2,9,2309
12,16,4,7,2310
