6,10,10,8,4401
7,18,7,6,4402
20,10,7,4,4403
18,14,8,4,4404
23,22,10,6,4405
4,24,3,10,4406
13,22,8,6,4407
16,6,4,10,4408
2,8,7,4,4409
17,20,8,7,4410
19,9,2,7,4411
11,1,7,6,4412
6,20,7,2,4413
9,10,3,8,4414
21,7,7,5,4415
6,4,3,8,4416
22,21,4,8,4417
10,13,4,10,4418
1,21,6,6,4419
9,17,6,9,4420
21,13,9,10,4421
17,19,4,7,4422
13,20,6,7,4423
7,15,10,4,4424
12,16,2,11,4425
13,3,7,4,4426
12,24,8,10,4427
7,15,3,7,4428
12,20,2,4,4429
8,5,9,2,4430
8,18,3,3,4431
20,5,5,9,4432
4,20,2,9,4433
10,4,8,7,4434
16,22,5,10,4435
3,2,10,11,4436
7,22,9,9,4437
2,12,4,9,4438
23,14,2,10,4439
8,14,10,7,4440
8,19,6,10,4441
3,5,5,9,4442
10,19,3,4,4443
2,23,10,5,4444
23,22,7,3,4445
7,24,7,3,4446
11,22,10,7,4447
14,21,2,8,4448
12,9,10,8,4449
1,20,5,10,4450
14,19,5,5,4351
6,21,7,6,4352
7,20,10,11,4353
21,16,2,11,4354
19,22,7,3,4355
22,17,10,2,4356
21,1,7,10,4357
8,5,2,10,4358
23,22,8,8,4359
12,19,7,3,4360
