3,4,4,2,4201
10,7,9,5,4202
19,10,4,6,4203
15,13,8,9,4204
3,10,7,3,4205
15,9,7,7,4206
13,5,4,5,4207
11,2,8,2,4208
15,2,6,2,4209
1,19,5,10,4210
18,3,9,3,4211
21,22,7,11,4212
14,21,7,4,4213
8,22,5,8,4214
8,19,8,2,4215
15,6,5,2,4216
22,23,9,9,4217
1,22,6,3,4218
7,22,10,5,4219
8,17,2,2,4220
1,12,6,10,4221
4,24,6,7,4222
4,7,8,5,4223
11,5,4,10,4224
8,21,8,10,4225
24,18,7,5,4226
11,6,4,11,4227
14,6,2,11,4228
18,22,7,8,4229
17,10,9,11,4230
19,12,9,6,4231
5,2,8,5,4232
16,24,10,7,4233
5,21,7,2,4234
19,9,5,8,4235
3,12,8,7,4236
20,19,6,11,4237
13,14,8,2,4238
11,15,10,3,4239
1,9,8,4,4240
24,22,7,9,4241
6,20,7,2,4242
2,10,4,6,4243
5,20,9,7,4244
7,11,3,3,4245
13,17,10,10,4246
14,12,4,3,4247
20,7,4,5,4248
14,11,7,2,4249
7,17,5,10,4250
22,10,9,9,4151
15,24,4,4,4152
11,18,8,4,4153
20,2,6,4,4154
1,11,9,11,4155
13,15,6,9,4156
23,11,9,9,4157
16,3,7,9,4158
23,7,10,2,4159
10,2,2,4,4160
