22,1,5,10,2501
12,13,3,10,2502
8,4,5,3,2503
16,6,5,7,2504
20,1,9,10,2505
16,12,5,5,2506
4,13,8,11,2507
19,10,4,11,2508
10,8,2,5,2509
7,8,9,4,2510
21,11,8,11,2511
10,14,3,7,2512
6,14,8,11,2513
4,16,6,3,2514
2,6,8,2,2515
4,16,9,4,2516
16,6,6,5,2517
7,22,5,10,2518
18,1,5,11,2519
7,21,4,7,2520
18,21,8,8,2521
17,15,10,4,2522
7,13,2,10,2523
3,12,9,6,2524
9,8,7,5,2525
3,12,2,9,2526
8,11,2,10,2527
22,6,4,11,2528
9,21,6,3,2529
4,5,10,5,2530
11,18,5,10,2531
13,4,9,6,2532
3,2,9,4,2533
1,19,8,7,2534
21,13,6,10,2535
9,21,9,8,2536
3,1,8,11,2537
4,19,6,3,2538
5,24,10,6,2539
9,18,2,2,2540
16,20,6,6,2541
4,17,8,10,2542
9,8,3,2,2543
20,7,2,10,2544
12,9,6,7,2545
7,21,4,3,2546
18,2,8,4,2547
21,8,8,5,2548
9,14,2,11,2549
10,19,9,3,2550
2,18,5,4,2451
22,20,5,7,2452
18,11,10,10,2453
15,8,9,8,2454
5,3,8,9,2455
11,12,4,5,2456
17,4,5,9,2457
21,4,7,7,2458
14,2,8,2,2459
1,10,8,11,2460
