22,24,8,10,501
5,17,2,4,502
1,18,2,3,503
3,2,10,10,504
5,3,5,3,505
16,11,7,5,506
13,14,7,6,507
17,5,4,6,508
6,16,4,11,509
18,11,6,11,510
3,10,7,9,511
8,17,3,4,512
21,10,7,2,513
11,10,3,2,514
20,6,2,8,515
21,4,8,5,516
17,3,5,11,517
6,17,6,11,518
4,11,2,9,519
20,2,3,5,520
8,17,6,9,521
23,10,7,9,522
16,8,9,9,523
7,23,7,11,524
11,2,6,8,525
4,18,4,2,526
9,7,9,6,527
24,21,8,5,528
11,7,9,5,529
14,8,10,5,530
18,3,9,10,531
7,17,8,11,532
21,16,4,9,533
22,9,2,7,534
10,4,2,9,535
10,4,2,7,536
18,5,10,6,537
11,23,9,4,538
1,21,7,10,539
6,7,3,9,540
10,14,4,6,541
10,9,6,6,542
16,20,2,10,543
1,6,4,9,544
3,16,9,9,545
22,1,2,2,546
3,1,10,10,547
4,13,7,9,548
21,16,7,2,549
14,9,2,9,550
10,21,3,7,451
2,21,10,10,452
15,3,9,3,453
18,16,6,10,454
8,6,9,11,455
16,6,4,2,456
4,14,4,9,457
1,24,7,2,458
3,1,3,11,459
18,10,2,10,460
