21,22,5,2,1901
20,16,7,3,1902
7,2,4,5,1903
9,17,5,2,1904
5,15,2,10,1905
4,15,10,10,1906
9,2,10,8,1907
4,3,7,7,1908
2,14,2,4,1909
10,21,3,5,1910
9,14,3,9,1911
4,10,4,2,1912
14,4,2,9,1913
14,23,5,4,1914
18,6,10,7,1915
7,18,6,4,1916
22,1,4,6,1917
15,21,9,10,1918
2,21,9,8,1919
12,17,7,9,1920
12,15,6,6,1921
9,4,6,5,1922
3,24,10,7,1923
18,8,3,2,1924
11,23,6,10,1925
19,24,8,10,1926
8,7,6,6,1927
9,23,2,7,1928
24,6,5,4,1929
1,13,6,3,1930
6,3,10,4,1931
3,2,8,11,1932
16,9,4,6,1933
13,8,6,6,1934
10,17,2,4,1935
13,5,8,11,1936
2,7,5,10,1937
14,4,4,11,1938
2,19,7,10,1939
2,5,9,7,1940
6,3,10,4,1941
20,3,10,8,1942
15,4,8,7,1943
6,20,2,7,1944
11,10,3,6,1945
15,5,10,6,1946
22,14,8,5,1947
14,3,4,5,1948
4,19,6,2,1949
13,6,2,9,1950
2,13,7,3,1851
4,6,7,8,1852
5,3,6,3,1853
3,14,4,9,1854
5,11,10,10,1855
1,22,5,9,1856
2,4,8,7,1857
7,24,3,10,1858
9,22,5,7,1859
8,13,4,6,1860
