3,17,2,3,2201
21,20,6,11,2202
6,14,2,2,2203
16,4,8,5,2204
5,7,3,2,2205
16,3,6,8,2206
24,12,7,6,2207
15,1,5,11,2208
6,20,8,6,2209
16,22,10,8,2210
13,9,6,11,2211
24,12,10,7,2212
20,23,10,8,2213
20,23,3,10,2214
4,8,10,5,2215
14,12,7,5,2216
15,5,8,11,2217
8,1,6,8,2218
7,15,9,5,2219
22,19,4,10,2220
14,12,5,11,2221
15,6,7,6,2222
10,11,4,4,2223
8,22,7,2,2224
2,22,7,9,2225
4,22,2,4,2226
23,11,8,2,2227
22,19,10,2,2228
13,18,3,4,2229
22,2,10,2,2230
17,12,6,6,2231
9,7,9,4,2232
22,3,7,10,2233
18,6,6,9,2234
16,17,8,7,2235
23,8,7,9,2236
7,1,3,7,2237
17,7,5,2,2238
20,3,7,6,2239
15,18,7,3,2240
9,1,5,10,2241
1,5,10,6,2242
16,20,3,4,2243
13,17,7,5,2244
24,19,9,4,2245
15,21,5,6,2246
5,9,6,11,2247
21,14,6,2,2248
20,13,8,3,2249
18,20,3,4,2250
4,6,6,9,2151
3,7,3,9,2152
15,4,10,5,2153
18,23,7,3,2154
5,12,9,8,2155
5,9,5,10,2156
9,17,3,6,2157
6,4,10,6,2158
13,18,5,5,2159
20,17,7,5,2160
