7,17,9,8,3351
11,22,5,9,3352
19,21,5,7,3353
16,9,5,6,3354
19,7,4,8,3355
9,24,10,6,3356
1,8,2,11,3357
11,1,2,4,3358
9,15,2,7,3359
17,15,5,10,3360
3,14,3,7,3361
23,24,8,6,3362
2,13,4,6,3363
3,15,6,8,3364
4,5,9,6,3365
7,8,2,5,3366
12,15,8,7,3367
1,6,7,11,3368
3,13,5,5,3369
8,7,5,5,3370
23,6,6,3,3371
3,10,8,6,3372
12,7,2,10,3373
5,10,8,8,3374
15,1,6,10,3375
4,6,2,9,3376
1,23,3,7,3377
21,4,10,9,3378
15,5,7,11,3379
23,2,10,10,3380
16,8,2,5,3381
9,2,2,3,3382
12,10,3,4,3383
18,23,2,6,3384
9,1,9,7,3385
8,16,4,7,3386
11,23,5,3,3387
11,4,3,11,3388
23,21,3,10,3389
10,4,3,2,3390
2,20,7,3,3391
11,16,6,11,3392
21,12,4,3,3393
11,4,5,2,3394
17,11,7,3,3395
10,7,7,5,3396
8,18,8,6,3397
1,23,7,7,3398
9,14,3,6,3399
14,22,10,11,3400
10,11,2,8,3301
14,4,4,3,3302
24,18,4,11,3303
13,19,6,10,3304
23,10,5,4,3305
3,7,8,4,3306
7,6,5,11,3307
2,1,5,9,3308
5,22,10,6,3309
7,18,2,6,3310
