22,10,10,6,4601
11,6,2,5,4602
11,12,3,2,4603
9,22,8,10,4604
10,5,9,5,4605
10,17,9,6,4606
17,23,8,2,4607
6,22,10,4,4608
11,5,6,3,4609
2,6,3,2,4610
9,8,2,11,4611
7,23,8,7,4612
8,11,10,9,4613
18,10,10,3,4614
3,22,4,2,4615
13,5,7,8,4616
3,1,10,11,4617
16,2,8,7,4618
10,20,4,8,4619
11,21,5,10,4620
1,9,5,7,4621
2,3,5,8,4622
10,24,2,10,4623
21,18,8,2,4624
7,4,4,4,4625
3,5,6,3,4626
7,9,7,2,4627
20,23,6,10,4628
7,20,8,4,4629
24,8,8,11,4630
6,5,2,7,4631
4,19,2,5,4632
14,4,8,5,4633
20,9,2,9,4634
9,10,8,10,4635
24,21,5,5,4636
20,24,9,8,4637
3,21,4,11,4638
3,24,9,9,4639
1,18,6,11,4640
10,23,10,5,4641
20,11,6,8,4642
8,18,6,3,4643
15,6,5,3,4644
18,20,9,8,4645
17,8,8,5,4646
4,20,10,2,4647
13,11,2,7,4648
10,19,4,9,4649
15,23,8,2,4650
21,10,7,5,4551
15,11,5,11,4552
17,12,2,9,4553
20,1,7,3,4554
8,5,10,11,4555
20,16,7,6,4556
17,8,2,5,4557
19,17,3,11,4558
17,11,5,7,4559
9,15,7,3,4560
