15,21,8,4,551
17,19,9,4,552
21,2,2,11,553
12,14,7,6,554
13,10,2,10,555
17,2,3,7,556
13,19,6,6,557
24,16,10,6,558
22,6,7,3,559
17,24,7,4,560
22,6,5,3,561
3,22,8,11,562
14,13,10,2,563
22,20,5,8,564
12,18,3,6,565
11,19,8,4,566
9,20,5,8,567
16,11,2,11,568
18,12,2,10,569
19,15,6,3,570
6,21,8,3,571
14,15,4,3,572
3,2,2,8,573
17,19,5,10,574
5,6,6,11,575
18,2,8,2,576
8,17,3,9,577
18,20,8,5,578
21,19,9,3,579
3,16,4,6,580
11,21,6,11,581
8,23,7,10,582
14,4,9,8,583
20,23,6,5,584
15,2,4,3,585
4,19,7,7,586
21,24,6,10,587
2,6,8,10,588
16,8,5,11,589
3,12,3,3,590
14,16,5,6,591
23,6,3,9,592
20,13,9,2,593
19,12,9,3,594
19,9,6,11,595
22,8,9,9,596
5,8,10,5,597
5,11,3,11,598
7,3,3,11,599
1,22,8,9,600
22,24,9,10,501
5,17,3,4,502
1,18,8,3,503
3,2,7,10,504
5,3,6,3,505
16,11,4,5,506
13,14,6,6,507
17,5,8,6,508
6,16,9,11,509
18,11,10,11,510
