8,17,6,4,1551
8,24,5,10,1552
2,18,4,6,1553
20,15,3,10,1554
12,4,2,8,1555
6,16,4,10,1556
16,5,4,2,1557
10,7,8,11,1558
16,10,3,7,1559
20,9,5,2,1560
11,2,8,7,1561
23,4,5,6,1562
5,7,10,10,1563
14,9,6,11,1564
23,7,4,6,1565
6,21,7,8,1566
5,8,9,6,1567
14,18,7,8,1568
5,13,6,4,1569
20,22,9,9,1570
24,6,7,4,1571
20,24,9,10,1572
19,14,7,6,1573
1,8,3,10,1574
11,23,2,6,1575
9,15,9,9,1576
5,22,6,7,1577
3,18,3,3,1578
24,4,9,6,1579
3,24,10,6,1580
18,14,3,4,1581
5,6,7,3,1582
7,18,3,3,1583
15,17,3,4,1584
22,18,5,11,1585
15,24,3,2,1586
8,15,5,6,1587
19,8,7,11,1588
7,19,5,3,1589
4,20,9,10,1590
21,12,8,4,1591
7,16,7,6,1592
19,7,7,3,1593
17,22,9,8,1594
19,20,5,4,1595
4,1,4,5,1596
22,10,4,4,1597
24,6,8,7,1598
5,24,5,5,1599
6,24,4,9,1600
10,3,4,2,1501
16,2,3,2,1502
23,6,2,4,1503
19,3,6,8,1504
11,23,8,11,1505
17,10,2,10,1506
13,1,5,2,1507
7,18,8,5,1508
15,10,7,8,1509
11,16,2,7,1510
