15,5,9,11,1451
8,21,9,4,1452
3,16,7,11,1453
19,15,4,4,1454
1,2,10,6,1455
3,16,2,9,1456
23,11,9,8,1457
6,13,8,3,1458
17,16,8,8,1459
12,13,10,10,1460
12,8,8,3,1461
19,2,3,10,1462
23,24,3,4,1463
3,15,8,5,1464
3,12,10,6,1465
9,17,10,9,1466
5,9,4,3,1467
7,5,10,8,1468
4,24,6,9,1469
10,2,6,7,1470
21,2,10,9,1471
8,17,9,2,1472
21,11,4,10,1473
23,20,2,2,1474
19,2,7,10,1475
19,2,9,6,1476
10,19,4,5,1477
4,23,2,8,1478
22,4,7,10,1479
3,13,9,5,1480
24,23,8,5,1481
12,9,9,6,1482
3,1,10,11,1483
3,6,6,5,1484
12,2,7,9,1485
2,15,6,4,1486
19,6,10,7,1487
2,17,9,6,1488
6,8,2,4,1489
23,9,5,7,1490
19,13,3,2,1491
8,13,6,6,1492
3,24,10,4,1493
18,22,9,7,1494
10,9,7,3,1495
12,17,10,10,1496
22,21,10,7,1497
24,11,9,3,1498
24,8,3,9,1499
2,20,6,5,1500
1,17,6,7,1401
9,17,10,7,1402
7,4,6,2,1403
21,3,9,11,1404
10,16,4,2,1405
6,18,3,10,1406
10,6,4,11,1407
20,9,2,10,1408
24,17,4,4,1409
15,23,4,4,1410
