23,11,5,4,3651
6,10,3,8,3652
12,17,10,2,3653
3,14,8,11,3654
6,10,8,2,3655
24,12,5,8,3656
21,7,4,11,3657
7,14,2,4,3658
3,14,10,9,3659
3,21,8,2,3660
13,17,5,11,3661
21,17,7,7,3662
24,5,5,6,3663
3,14,8,11,3664
10,2,6,5,3665
8,18,3,7,3666
2,9,8,9,3667
20,7,9,10,3668
24,22,9,10,3669
7,6,4,6,3670
13,6,2,10,3671
18,24,8,6,3672
10,5,7,8,3673
3,9,7,11,3674
5,20,9,7,3675
8,3,9,6,3676
6,21,8,5,3677
18,21,9,7,3678
24,13,6,8,3679
5,10,6,9,3680
1,18,2,9,3681
19,21,10,9,3682
23,17,2,10,3683
11,16,2,5,3684
15,10,7,9,3685
19,14,5,5,3686
7,18,7,10,3687
11,16,8,11,3688
21,8,9,5,3689
5,24,6,5,3690
16,22,6,6,3691
6,5,3,8,3692
11,14,8,3,3693
24,21,10,4,3694
5,18,2,10,3695
15,23,4,7,3696
4,24,10,2,3697
1,4,2,11,3698
8,9,4,4,3699
21,22,8,7,3700
9,23,4,2,3601
8,15,2,11,3602
8,3,3,10,3603
2,10,10,11,3604
12,23,10,11,3605
13,10,5,3,3606
8,12,10,9,3607
8,17,2,2,3608
18,7,10,5,3609
12,24,4,11,3610
