9,16,8,4,1801
7,19,8,9,1802
2,8,8,6,1803
11,23,9,5,1804
10,9,10,10,1805
24,16,9,9,1806
16,13,6,3,1807
22,16,2,8,1808
12,7,7,6,1809
3,8,4,2,1810
21,12,5,2,1811
24,21,9,6,1812
9,18,10,11,1813
21,15,3,2,1814
10,12,5,8,1815
12,8,10,10,1816
11,12,10,8,1817
7,17,10,7,1818
17,6,2,2,1819
6,5,10,11,1820
21,5,5,11,1821
5,21,4,9,1822
20,6,6,6,1823
6,20,2,5,1824
5,15,8,2,1825
21,22,6,6,1826
19,24,9,9,1827
20,2,10,9,1828
7,23,9,9,1829
3,20,2,7,1830
17,14,3,7,1831
8,7,9,6,1832
7,22,8,7,1833
12,9,6,3,1834
20,3,4,10,1835
22,14,8,3,1836
8,18,3,10,1837
10,17,2,4,1838
5,22,7,8,1839
7,13,4,3,1840
7,1,10,8,1841
4,17,2,10,1842
2,20,5,3,1843
19,21,5,10,1844
16,22,7,10,1845
24,23,3,6,1846
11,10,6,6,1847
2,17,10,4,1848
9,23,3,11,1849
24,15,10,3,1850
13,11,10,4,1751
9,4,3,9,1752
17,14,4,5,1753
21,3,4,7,1754
3,12,7,3,1755
17,10,10,7,1756
24,13,3,3,1757
18,14,6,3,1758
14,12,9,9,1759
11,22,5,9,1760
