3,2,6,9,151
16,4,7,6,152
11,3,6,3,153
19,2,9,9,154
13,12,6,3,155
3,22,8,7,156
17,16,2,6,157
2,15,3,2,158
4,12,4,4,159
17,15,6,8,160
11,24,6,11,161
20,3,6,6,162
3,14,4,2,163
14,22,9,2,164
21,2,9,3,165
16,9,2,5,166
2,12,4,5,167
22,14,9,11,168
7,5,9,3,169
12,14,9,5,170
12,1,8,9,171
5,23,8,6,172
7,12,3,2,173
11,21,10,10,174
4,7,2,2,175
20,17,3,10,176
18,10,7,2,177
1,23,4,7,178
5,16,10,4,179
5,11,9,10,180
19,18,10,11,181
11,12,9,10,182
23,22,7,4,183
4,23,5,8,184
3,12,4,2,185
8,18,2,3,186
20,6,6,11,187
17,8,9,10,188
4,11,5,2,189
9,15,10,5,190
12,8,9,6,191
4,22,2,3,192
1,5,8,9,193
15,8,2,3,194
15,12,5,3,195
17,7,9,9,196
19,8,7,8,197
18,24,4,8,198
8,4,10,2,199
14,12,2,5,200
13,2,8,9,101
7,22,3,8,102
9,22,3,7,103
19,8,3,5,104
19,7,7,8,105
18,14,6,2,106
17,14,4,8,107
17,9,8,8,108
3,19,7,6,109
14,12,7,6,110
