13,14,5,9,1651
22,7,4,8,1652
7,2,7,9,1653
5,14,6,6,1654
23,11,8,10,1655
15,9,9,8,1656
21,4,3,3,1657
5,2,6,7,1658
12,7,3,8,1659
8,4,3,6,1660
5,23,6,6,1661
17,14,8,5,1662
10,13,4,11,1663
20,11,8,5,1664
18,3,4,3,1665
18,9,6,4,1666
10,11,8,2,1667
3,19,3,11,1668
18,21,9,2,1669
22,16,8,5,1670
8,1,6,3,1671
6,23,6,7,1672
14,6,8,8,1673
17,12,3,6,1674
20,21,2,6,1675
3,15,10,5,1676
9,5,4,2,1677
13,19,6,11,1678
4,21,9,9,1679
18,8,2,5,1680
12,16,7,9,1681
10,9,3,6,1682
17,10,4,4,1683
12,13,9,7,1684
23,12,10,9,1685
16,12,3,8,1686
8,21,3,2,1687
15,17,8,11,1688
22,7,6,7,1689
16,3,5,2,1690
1,14,6,4,1691
11,22,4,4,1692
1,13,2,5,1693
22,8,8,7,1694
12,19,7,4,1695
11,2,5,3,1696
15,21,8,10,1697
18,2,9,10,1698
21,18,10,11,1699
12,18,8,4,1700
8,13,9,11,1601
17,9,7,4,1602
8,7,7,2,1603
11,5,5,2,1604
16,6,2,9,1605
2,12,4,6,1606
16,2,2,8,1607
11,3,4,6,1608
14,13,8,2,1609
8,24,10,2,1610
