4,6,10,10,351
21,11,5,7,352
23,18,6,7,353
6,17,7,6,354
2,7,6,5,355
3,21,6,3,356
19,2,6,11,357
3,6,5,10,358
15,2,6,8,359
12,5,4,3,360
7,17,9,9,361
24,2,8,7,362
4,17,3,3,363
9,21,8,4,364
1,19,7,6,365
18,15,3,2,366
5,12,8,8,367
21,14,10,10,368
15,10,4,9,369
13,15,2,2,370
22,12,2,9,371
19,18,6,11,372
14,23,4,5,373
18,5,6,7,374
15,2,10,10,375
18,23,10,4,376
12,15,9,9,377
16,4,2,3,378
21,4,10,7,379
4,18,7,6,380
1,12,5,7,381
16,24,8,5,382
8,23,2,11,383
22,10,8,7,384
19,21,3,10,385
14,20,10,10,386
23,1,7,4,387
13,3,4,9,388
24,18,4,4,389
1,10,5,2,390
1,10,4,4,391
18,19,7,2,392
5,16,10,11,393
22,23,9,6,394
22,11,10,2,395
2,21,6,7,396
18,23,8,2,397
13,18,6,7,398
4,1,9,3,399
19,7,2,7,400
17,11,2,2,301
17,14,2,11,302
17,10,2,6,303
10,24,4,3,304
15,9,8,11,305
15,1,3,8,306
17,20,6,10,307
4,19,8,7,308
21,8,9,6,309
16,2,8,2,310
