21,17,4,7,4251
21,2,7,6,4252
10,23,7,7,4253
2,15,5,3,4254
21,24,6,5,4255
14,16,5,3,4256
2,8,9,9,4257
1,7,9,3,4258
7,17,8,4,4259
9,18,5,5,4260
9,4,6,8,4261
13,11,5,8,4262
20,3,4,5,4263
21,10,7,10,4264
22,16,7,9,4265
17,24,6,10,4266
1,16,8,2,4267
24,3,5,7,4268
18,23,9,11,4269
11,20,5,6,4270
16,6,3,8,4271
20,11,3,10,4272
4,9,9,8,4273
14,18,3,9,4274
11,17,5,8,4275
17,4,5,11,4276
24,23,8,11,4277
22,13,5,10,4278
22,10,7,3,4279
14,11,4,4,4280
15,8,4,7,4281
3,16,7,6,4282
10,24,2,11,4283
21,7,2,5,4284
17,2,6,8,4285
8,6,5,4,4286
10,20,4,11,4287
12,5,6,6,4288
9,3,2,7,4289
22,24,10,10,4290
5,4,8,2,4291
2,11,7,10,4292
17,22,8,11,4293
14,3,6,9,4294
2,8,4,9,4295
8,17,5,6,4296
4,2,6,3,4297
20,6,4,3,4298
21,20,5,3,4299
18,4,10,6,4300
4,12,3,4,4201
9,24,7,8,4202
7,24,5,7,4203
21,3,4,8,4204
18,20,5,10,4205
18,14,2,10,4206
11,9,8,10,4207
4,2,2,4,4208
6,5,6,2,4209
4,21,7,10,4210
