1,9,9,4,2001
3,20,10,3,2002
13,6,5,6,2003
20,16,3,4,2004
15,22,6,11,2005
10,20,5,10,2006
17,23,8,10,2007
13,19,8,4,2008
6,14,7,10,2009
13,9,4,6,2010
17,15,5,5,2011
21,5,9,7,2012
16,7,8,11,2013
11,22,3,5,2014
10,6,10,8,2015
16,4,2,11,2016
20,8,10,7,2017
4,9,6,10,2018
7,13,6,9,2019
3,17,10,3,2020
12,15,10,5,2021
4,5,6,8,2022
5,2,3,4,2023
21,15,6,2,2024
19,10,7,4,2025
9,11,9,7,2026
17,23,4,8,2027
14,13,5,7,2028
20,13,2,7,2029
24,4,3,9,2030
22,24,2,8,2031
9,23,10,11,2032
4,7,3,3,2033
21,11,9,10,2034
9,20,7,10,2035
12,16,4,7,2036
7,9,8,6,2037
24,10,8,6,2038
23,9,9,2,2039
9,24,3,10,2040
2,24,9,6,2041
13,24,2,4,2042
18,3,4,2,2043
3,5,4,11,2044
23,9,5,9,2045
2,4,10,4,2046
7,11,2,3,2047
20,17,2,3,2048
16,8,10,4,2049
17,22,3,9,2050
9,10,2,6,1951
20,4,5,11,1952
17,11,6,9,1953
11,19,3,4,1954
21,15,2,3,1955
14,17,9,6,1956
7,19,6,11,1957
24,16,10,7,1958
7,20,10,4,1959
14,6,9,3,1960
