1,17,4,7,1401
9,17,6,7,1402
7,4,9,2,1403
21,3,2,11,1404
10,16,10,2,1405
6,18,6,10,1406
10,6,3,11,1407
20,9,10,10,1408
24,17,3,4,1409
15,23,2,4,1410
12,14,3,10,1411
8,9,4,4,1412
17,8,6,8,1413
23,12,7,3,1414
12,5,10,9,1415
10,5,3,11,1416
16,12,6,8,1417
22,10,7,5,1418
2,20,3,11,1419
20,21,7,5,1420
15,18,6,9,1421
17,4,2,4,1422
7,14,9,9,1423
11,21,5,10,1424
24,9,4,4,1425
21,5,6,3,1426
22,16,9,6,1427
18,22,7,10,1428
16,14,10,7,1429
9,16,5,2,1430
24,13,3,2,1431
23,20,2,2,1432
6,18,5,11,1433
3,10,9,9,1434
17,10,10,8,1435
14,18,10,11,1436
8,5,2,7,1437
21,16,8,9,1438
10,11,4,6,1439
14,22,6,3,1440
24,9,3,10,1441
6,3,5,6,1442
13,18,9,2,1443
3,23,2,6,1444
18,14,7,8,1445
22,17,5,5,1446
18,22,5,10,1447
20,14,10,11,1448
4,5,7,7,1449
4,22,7,3,1450
4,1,4,3,1351
23,1,3,11,1352
4,23,5,7,1353
23,9,10,5,1354
24,15,4,9,1355
5,1,6,6,1356
11,23,6,9,1357
18,9,8,8,1358
2,10,2,10,1359
16,22,7,2,1360
